imputation,1,50,0.0,0.010547655
Test loss:0.010547655
Train loss:[0.19657721525995164, 0.037353277568978244, 0.02866424496968732, 0.02401254862597863, 0.02128525575715588, 0.019362408197399556, 0.01805502301635335, 0.01713923631132447, 0.016427250510715176, 0.015847552550649326, 0.015380146688325637, 0.014988755542814194, 0.01466138352435933, 0.014379915023688091, 0.014135831773252916, 0.013919614056807585, 0.01372589688972484, 0.013547991124703366, 0.013383006238873646, 0.013236083990466397, 0.013097721963426099, 0.01296744392133419, 0.012839559767100443, 0.012711551502956131, 0.012587318912794467, 0.012464503018721474, 0.0123446631094385, 0.012233935509924066, 0.012118696243520355, 0.011997567821951983, 0.011885428488209024, 0.011775765025401301, 0.011666791934513502, 0.011559943130534118, 0.011461035946775895, 0.011371332943138166, 0.011284728853992851, 0.011197350632289849, 0.011108786591721858, 0.011019890536146349, 0.01093580254093723, 0.010858421859239029, 0.0107852876006718, 0.010717632802046677, 0.010653557535640273, 0.010593261307846253, 0.01053780891504686, 0.010485701889161684, 0.010436704714373643, 0.01039020493079236]

imputation,1,100,0.0,0.012814696
Test loss:0.012814696
Train loss:[0.25178167998795076, 0.04589719985494407, 0.03690286479502318, 0.03269120958054659, 0.029473449256090117, 0.028376878266040413, 0.026394689364040665, 0.02436436837929815, 0.022683787946246516, 0.0217785002115831, 0.02053991886105628, 0.019661667516928168, 0.018966007187576673, 0.018400121184598665, 0.01792802668973513, 0.017522086310239684, 0.017168802619717444, 0.016861517877058647, 0.01658883524919349, 0.016348461783904304, 0.01613741829272729, 0.01594908729847006, 0.015778351858841373, 0.015612049955535428, 0.015457127209680179, 0.015311714866032495, 0.015170056678263695, 0.015042119971098493, 0.01492443390202524, 0.014815345357215817, 0.01471524301494732, 0.014622517421371219, 0.014536599091836489, 0.014456095420537315, 0.01438067282897149, 0.014309455840318641, 0.014243542721263625, 0.014181465069295398, 0.014122090021141278, 0.014066600044585, 0.014014497019701705, 0.013964988222979237, 0.013917667913725635, 0.013872983346804044, 0.013829225608696935, 0.01378733927970939, 0.013747336199316897, 0.013709129065173308, 0.013671719077037002, 0.013635177559530644, 0.013598528227820051, 0.01356209864352708, 0.013526636302625072, 0.013492310867591466, 0.013459373568719839, 0.013425397483975017, 0.01339005299209508, 0.01335626520386634, 0.013325268273714119, 0.013294532259122504, 0.013255075629066772, 0.013203203654014808, 0.013148706283334697, 0.01310237448452247, 0.013066629615523179, 0.013035353458767492, 0.01300724567441719, 0.012979783125900236, 0.012953914972366308, 0.012930498578755582, 0.012906655427507442, 0.01288462207772668, 0.012862585509910741, 0.01284157421064864, 0.012820588971076574, 0.01280105330758848, 0.01278200159041747, 0.012763271598453729, 0.012745589228140465, 0.012728078219555112, 0.012710427735862532, 0.012693462816411443, 0.012677934196345986, 0.01266156373871233, 0.012646301700453149, 0.012630995701167137, 0.012615652742709206, 0.012600615572109536, 0.012586309477537307, 0.012572290078575073, 0.012558255312925842, 0.012544462570835501, 0.0125304891074557, 0.012517250165211052, 0.012503461461922856, 0.012489767898776987, 0.01247695478907948, 0.012463734790320776, 0.012450438621731685, 0.012437221914169953]

first_layer,10,50,0.5,0.008266692
Test loss:0.008266692
Train loss:[0.19400980233266008, 0.03520999265553423, 0.027102507983873862, 0.020855555532498522, 0.01758125325643742, 0.01601341765526772, 0.015010190870507723, 0.014249092346213917, 0.013667859279859246, 0.013228209684382077, 0.012859923519700297, 0.01253070031634971, 0.0122370702357611, 0.011980880024076887, 0.011750097623908367, 0.011538993565196045, 0.011333616483758226, 0.011136016078458074, 0.01096000109214183, 0.01079173702494628, 0.010613728219663287, 0.010446289029099201, 0.01030241771391681, 0.010160737881501436, 0.010036031820708093, 0.009924861772654099, 0.009810383570214404, 0.00970067495763614, 0.009595317471255423, 0.009496390646399976, 0.009398895709002854, 0.009301270670421446, 0.009209528311101814, 0.00912992912839154, 0.009051811691684659, 0.0089777643767402, 0.008906683233014617, 0.008835916774841131, 0.008766181399281077, 0.008701719029743961, 0.008632294154339295, 0.008569184674726674, 0.008500076182905216, 0.008431700614311076, 0.00836744023717838, 0.008306399707194415, 0.008245385553934935, 0.008182663925735625, 0.00812741049901648, 0.008069988001562852]

first_layer,10,100,0.5,0.0059499317
Test loss:0.0059499317
Train loss:[0.14263944696729305, 0.03356125310999833, 0.02583656775184433, 0.022124722471543616, 0.019849107015454167, 0.018182983297875255, 0.016714259503305757, 0.015405965318910373, 0.014416339232756764, 0.01370374100355408, 0.01304729051353095, 0.01249959842936787, 0.0120365796227291, 0.011675119167126028, 0.011387369716862434, 0.011145000442334662, 0.010906202587059783, 0.010656573137678671, 0.010386027585810437, 0.010109326556018221, 0.009844166556726042, 0.009596457248182406, 0.0093700768690798, 0.009156122589486566, 0.008979994582962315, 0.008822037792334576, 0.008685792296510304, 0.008557443295659403, 0.008450554141594308, 0.008351693326156996, 0.008248637424814976, 0.008156820986872978, 0.008072655727658156, 0.007995178045069266, 0.007916559324731764, 0.00784152980182826, 0.007769335238661336, 0.007702400728356736, 0.007640137630879255, 0.007585683510879124, 0.007524057984046458, 0.007472548053532422, 0.0074205213736613755, 0.0073640262339549215, 0.007299864324335966, 0.007243971815232512, 0.007197831783989422, 0.007152301604689633, 0.0071063314712610974, 0.007066793149420631, 0.007027859570526816, 0.006987619391380483, 0.006950307037797316, 0.006918936753580507, 0.006884614982665808, 0.006847674538743684, 0.00682034145273563, 0.006791799368037647, 0.006759626409288193, 0.006729097910681162, 0.006701582420120384, 0.006672922364938196, 0.006644582431703797, 0.006617690825722147, 0.006598527579624417, 0.006569572380676991, 0.0065433373197166375, 0.006522649208152575, 0.006497392335113768, 0.006468956453434674, 0.006442708111101756, 0.006416656638018447, 0.006386281329984534, 0.00636636674691914, 0.006336950640710857, 0.006310687007155981, 0.00628099877808372, 0.0062555662523098845, 0.006231878591895944, 0.00620736735313372, 0.006180246802686925, 0.006159179315774666, 0.006128323587348074, 0.006107561687031392, 0.0060880198644038975, 0.00605999179619885, 0.006035595426063877, 0.0060145434186297175, 0.005988075438892842, 0.005967342600677296, 0.005942523007432597, 0.005921162522834467, 0.005894346727648463, 0.005874376728586638, 0.005848846178131158, 0.0058295640711430625, 0.005804848901121065, 0.005782786973800585, 0.0057500361587260445, 0.005729850956407078]

last_layer,10,50,0.0,0.009009658
Test loss:0.009009658
Train loss:[0.27871570618027064, 0.11290812439477337, 0.04695586121299949, 0.030933952428875255, 0.025182298629834343, 0.02265295448637404, 0.021210369518514998, 0.020093817437262185, 0.01918685163003017, 0.01840169614835043, 0.017715497018001455, 0.017126071521541407, 0.01659335090014905, 0.016133255233399077, 0.015723063552777607, 0.015352648753886363, 0.015023137181552909, 0.014720724121707277, 0.014444274394015588, 0.01417222675391285, 0.013915434047516901, 0.013679524511044669, 0.013455266132679814, 0.01324290376625888, 0.013037049740223404, 0.012836061481463379, 0.012650229340564955, 0.012460894126131813, 0.012276125354554145, 0.012098084034949351, 0.011918867738922347, 0.011737956440551513, 0.011547159706371093, 0.011351186990497295, 0.011148513298008048, 0.010948637649709572, 0.010744992963745344, 0.010551517667936565, 0.010367688154143271, 0.01018752254559779, 0.010012253550967055, 0.009841165261341496, 0.009680210464900365, 0.009529747309503008, 0.00938949471619766, 0.009256744475757223, 0.009129281642697459, 0.009008411325244431, 0.008884174739906728, 0.008778383555814758]

last_layer,10,100,1.5,0.0067063654
Test loss:0.0067063654
Train loss:[0.35511134390155347, 0.27896381852617785, 0.24191385534463805, 0.22209080446761884, 0.21299433472772514, 0.207727476750691, 0.11569402045615024, 0.04362104248373634, 0.034206051974491496, 0.030093030728224165, 0.027679861314293428, 0.026930413233018178, 0.026345200723935116, 0.025820855608934542, 0.025400571253585337, 0.02502522690252558, 0.024692242555938073, 0.024397638061425003, 0.024153971627835863, 0.02393684631816724, 0.02330892435081275, 0.02234942873938246, 0.02217859562550359, 0.0220273604623568, 0.01544397458291033, 0.011922740692894387, 0.011775095227933447, 0.011643750806319304, 0.011522425302315979, 0.011416077896180907, 0.011309826491871545, 0.011214037250498717, 0.011127511816923575, 0.011040738353070553, 0.010968551163799824, 0.010892646541401142, 0.00996458457128744, 0.009497588378579672, 0.009424835156810848, 0.009347471918510791, 0.009268461581908116, 0.009197497764233243, 0.009125222804245384, 0.009063203801483063, 0.008962303973140413, 0.00877100890659496, 0.00861611555145925, 0.008492484798908, 0.00839378897849647, 0.008292753158767478, 0.00820864324550344, 0.008135297952817602, 0.008077952792937928, 0.008020230110193845, 0.007965041884184013, 0.007911870294137554, 0.007861187171590928, 0.007813182192431057, 0.007771724110736398, 0.007735897049742459, 0.007696604690681693, 0.0076667149346630725, 0.007627635590644303, 0.007587013072893782, 0.007549444000527441, 0.007507763250498169, 0.00747077087518115, 0.007441910433970177, 0.00740553144241445, 0.007377232923769903, 0.0073427980962695255, 0.007311569653469869, 0.007289384710549623, 0.007258842657771366, 0.0072318793034383145, 0.007205472240787556, 0.007181322964594952, 0.0071549431156938265, 0.007127192970186446, 0.007106333286689791, 0.007080396390467197, 0.007052479981525254, 0.007031201110469383, 0.007008706287372232, 0.006984606352443694, 0.006964445427241135, 0.006938838320823561, 0.00691915603838525, 0.006897105543408407, 0.006873408612785148, 0.00685552118756885, 0.006832762375302723, 0.00680932076796911, 0.0067864889784366245, 0.006756813129221011, 0.006728200202903707, 0.006697492781568048, 0.006659952432252109, 0.006624503976104259, 0.006584537537713747]

different_cost,10,50,0.5,0.008801399
Test loss:0.008801399
Train loss:[1.3897904329205673, 0.0378249666453327, 0.025830280605854253, 0.021812869949878164, 0.019624430128579954, 0.017843277474601394, 0.015560342878773094, 0.014229886625086738, 0.013590170421705608, 0.013122639406915751, 0.012763983786002056, 0.01246932490653195, 0.01222178789158074, 0.012004655777729543, 0.011816912044136676, 0.011656544663354534, 0.011510250597172285, 0.011377525749565654, 0.011262832676890478, 0.011157552850944014, 0.011062382571513018, 0.01097142473873914, 0.010898366850248847, 0.010824321598196086, 0.01075736734450323, 0.010691389398812458, 0.01062129505110348, 0.010554360109686219, 0.010488237238605338, 0.010428628769093798, 0.0103780212657673, 0.010324236121655143, 0.010274259622295756, 0.010228662191656333, 0.010180429950007475, 0.010125622273321706, 0.010058229800518565, 0.00996790757060814, 0.009860570668515195, 0.009744085414036523, 0.009587706726072598, 0.009304088509078242, 0.009055232090221386, 0.00888601907143889, 0.008789786547075568, 0.00869917383150311, 0.008620092451679722, 0.008557161437263532, 0.008506157511483758, 0.008459371422895181]

different_cost,10,100,0.5,0.18292865
Test loss:0.008913
Train loss:[0.3092114481861452, 0.253973515233329, 0.25387519075144227, 0.24017534999608786, 0.23428066103462566, 0.2254057172593732, 0.22260667752623037, 0.22117521761460535, 0.2202298790173091, 0.2195237980164308, 0.21895354070096715, 0.21805348362831103, 0.21685020859275475, 0.21646414017361681, 0.21612377644261546, 0.215840000350322, 0.21559612047613308, 0.21539066767914544, 0.21502217806492013, 0.21388285822791347, 0.21371958150067993, 0.20840815231659263, 0.2060840199177162, 0.20589180587248154, 0.20576704069560164, 0.20566000787452934, 0.2055601488244995, 0.20546088800168086, 0.2053703859877649, 0.20528255899024628, 0.20520208514565674, 0.20512631371214116, 0.2050539610784415, 0.20498373892059638, 0.20491721450953002, 0.2048476089528039, 0.20478742686960633, 0.20472724853229274, 0.20466770161922013, 0.2046036781233204, 0.20454537812571627, 0.20448483069743534, 0.2044330456938756, 0.20437922112585188, 0.2043256355790437, 0.20427458160815629, 0.20422197287863758, 0.20417358095662552, 0.2041285377378411, 0.20256655549444638, 0.18474640235291825, 0.18315134838479252, 0.1829531179599579, 0.18283855769829865, 0.1827569040043048, 0.18269261657532682, 0.18262781391387975, 0.18256373331059125, 0.18251071666991395, 0.18246052760803183, 0.1824215926297154, 0.18238266606229595, 0.1823414663329248, 0.1823113781614362, 0.18227851498792919, 0.1822473446504994, 0.18221287226864236, 0.18217971622250195, 0.18214870658956506, 0.1821131519723986, 0.18208303699442768, 0.18205357646661197, 0.18201952224940382, 0.18198937750379465, 0.1819649455260842, 0.1819372326959383, 0.18190912011407093, 0.1818831882740059, 0.18185654372315022, 0.18182773098180485, 0.1818024470235915, 0.18177533402046145, 0.181748109343165, 0.18172039079447627, 0.18169568436573091, 0.18166977888992578, 0.18164456356289707, 0.18161992241398414, 0.1815947429069711, 0.18157059784923352, 0.18154611910867038, 0.18152319819628238, 0.18150326041225642, 0.181478358703295, 0.1814596793585334, 0.18144139160172065, 0.18141981062758686, 0.18140006186329488, 0.1813827765986848, 0.1813623107664107]