theirs,1,250,0.0,0.6476
first_layer,10,250,1.5,0.5588
last_layer,10,250,0.0,0.5106
last_layer,20,250,0.0,0.5511
last_layer,100,150,1.0,0.5882
imputation,1,250,0.0,0.1028
imputation,1,100,0.0,0.675
theirs,1,250,0.0,0.5917

theirs,1,100,0.0,0.8671
first_layer,10,100,1.5,0.8202
last_layer,10,100,0.0,0.8428
imputation,1,100,0.0,0.8395
theirs,1,100,0.0,0.7937

theirs,1,100,0.0,0.869
theirs,1,1,0.0,0.101
Test loss:[2.3663292]Train loss:[2.305677]

theirs,1,100,0.0,0.8445
Test loss:[1.486559]
Train loss:[1.1177292, 0.81817704, 0.7334302, 0.5493156, 0.6665687, 0.63352895, 0.5696633, 0.5960617, 0.54187644, 0.5468676, 0.53658825, 0.5375961, 0.53395414, 0.6490401, 0.38816595, 0.6009474, 0.55018884, 0.4432583, 0.40009075, 0.5052179, 0.43758, 0.56299484, 0.5438178, 0.60275084, 0.4587824, 0.6539713, 0.39624605, 0.49130166, 0.50178915, 0.4275257, 0.49863204, 0.38157833, 0.40236393, 0.53221035, 0.49349898, 0.41060585, 0.426802, 0.33207786, 0.4467521, 0.36173382, 0.40208918, 0.41193777, 0.34907207, 0.3219132, 0.433667, 0.2291041, 0.28099707, 0.31471354, 0.4034537, 0.27324474, 0.4832008, 0.40090987, 0.36279622, 0.4594607, 0.310818, 0.33676732, 0.4496736, 0.36783797, 0.5220896, 0.52934635, 0.4128645, 0.36893824, 0.53235704, 0.3990421, 0.5933753, 0.34406215, 0.7127513, 0.29181868, 0.54836124, 0.41119096, 0.38114753, 0.5304557, 0.2932291, 0.35143143, 0.2821166, 0.38106996, 0.25027803, 0.37841016, 0.40097353, 0.34692034, 0.4023789, 0.33506888, 0.26670423, 2.2424774, 0.4467942, 0.23215222, 0.55686253, 0.5558368, 0.27916476, 0.54942495, 0.60247314, 0.50392807, 0.41207474, 0.49408132, 0.41168806, 0.35169715, 2.0361612, 0.31001532, 0.53315866, 0.25031292]

first_layer,10,100,1.5,0.8196
Test loss:[1.2246794]
Train loss:[1.3168234, 1.005629, 0.8648142, 0.7139071, 0.7793297, 0.7114525, 0.7080442, 0.70582414, 0.63821316, 0.5757358, 0.75951767, 0.7009586, 0.4653974, 0.5850073, 0.8907303, 0.60864496, 0.6972245, 0.49972197, 0.7982751, 0.5723416, 0.60584456, 0.625052, 0.61041284, 0.47636193, 0.75432414, 0.57217824, 0.64258116, 0.52918077, 0.4953984, 0.71377385, 0.56332207, 0.6412772, 0.6715063, 0.5990859, 0.51336014, 1.0605123, 0.40526608, 0.45158195, 0.75541043, 0.5980409, 0.48371238, 0.59628296, 0.7448416, 0.5164012, 0.68165344, 0.5338068, 0.61911416, 0.43692225, 0.5375372, 0.44755647, 0.686707, 0.5206974, 0.5535442, 0.42997348, 0.5842658, 0.6717727, 0.9817446, 1.0202428, 0.59726983, 0.5123508, 0.5987385, 0.72541517, 0.6537601, 0.46081385, 0.5774259, 0.5856101, 0.5141959, 0.52593684, 0.57672656, 0.42285362, 0.60636556, 0.43400848, 0.6700331, 0.67890704, 0.47455326, 0.5569772, 0.4813209, 0.62502015, 0.4942919, 0.59744805, 0.6000494, 0.48184225, 0.65904945, 0.8321101, 0.6699629, 0.49999028, 0.71351767, 0.90315783, 1.1059873, 0.5975891, 0.5283982, 0.4735558, 0.72393, 0.5996673, 1.2642455, 0.51172936, 0.6562046, 0.6357708, 0.48801637, 0.962955]

last_layer,10,100,0.0,0.8524
Test loss:[0.4798501]
Train loss:[1.2763383, 1.1220615, 0.79804695, 0.7690334, 0.6450554, 0.5853851, 0.6737369, 0.63692665, 0.62896705, 0.80723953, 0.64180005, 0.52760637, 0.5952772, 0.6629635, 0.68884355, 0.78220034, 0.66729057, 0.706434, 0.6767896, 0.64441204, 0.61490583, 0.520811, 0.57568395, 0.7458317, 0.6486385, 0.63457346, 0.5596964, 0.6005335, 0.7522714, 0.46598896, 0.77746904, 0.54112816, 0.6553394, 0.48128018, 0.5994791, 0.54223764, 0.5299093, 0.89247096, 0.6495153, 0.60698783, 0.75645983, 0.7515112, 0.46602142, 0.576205, 0.36009613, 0.38938028, 0.5865413, 0.5009162, 0.5786347, 0.47513172, 0.6272999, 0.45612338, 0.4495954, 0.45968202, 0.4423494, 0.49911386, 0.68708503, 0.46795878, 0.44137198, 0.45510054, 0.6003927, 0.34759772, 0.3776431, 0.52334195, 0.5554372, 0.39661196, 0.4583797, 0.5540359, 0.5842087, 0.43895143, 0.41182727, 0.3927097, 0.39045364, 0.505741, 0.44681698, 0.5367287, 0.3346452, 0.4092247, 0.57200515, 0.46647352, 0.42065966, 0.41817236, 0.3101648, 0.52085793, 0.30621177, 0.5059749, 0.40823138, 0.33049196, 0.562639, 0.4067362, 0.33428538, 0.45036846, 0.57486624, 0.4363802, 0.42731264, 0.41267362, 0.43987787, 0.4166919, 0.48928624, 0.33565807]

last_layer,20,100,0.0,0.8385
Test loss:[0.2950378]
Train loss:[1.2734795, 0.9130267, 0.7994976, 0.6396271, 0.5586766, 0.56616247, 0.6775379, 0.4795773, 0.5095368, 0.5119665, 0.6264809, 0.66666275, 0.694481, 0.45313367, 0.65047646, 0.5554497, 0.6668789, 0.61444366, 0.6853082, 0.7096392, 0.48926276, 0.73984045, 0.70815617, 0.6377623, 0.61965513, 0.72579676, 0.6393191, 0.5644288, 0.6277721, 0.6638959, 0.7590147, 0.5800029, 0.78551525, 0.75517094, 0.8119376, 0.6529008, 0.5829946, 0.6219867, 0.5402837, 0.60972095, 0.60356647, 0.60972583, 0.6086067, 0.64740986, 0.45365387, 0.56798303, 0.49567404, 0.42981723, 0.5836526, 0.5938754, 0.6007703, 0.54996175, 0.5737227, 0.61424816, 0.6897501, 0.41963536, 0.6183716, 0.5330274, 0.48482156, 0.5762362, 0.5125685, 0.53014445, 0.5676186, 0.59749484, 0.48714507, 0.5383446, 0.5520709, 0.39787877, 0.3133964, 0.59341365, 0.41057956, 0.45272267, 0.4510919, 0.5045351, 0.58665544, 0.55210423, 0.44169033, 0.5698107, 0.34069628, 0.6148829, 0.4114375, 0.48015139, 0.6608181, 0.4150663, 0.5528035, 0.39302683, 0.9905352, 0.41468638, 0.5663335, 0.45131013, 0.47663772, 0.7709469, 0.461833, 0.5036279, 0.49158895, 0.3860849, 0.39286965, 0.4750238, 0.57167906, 0.5106394]

last_layer,100,100,1.0,0.8552
Test loss:[0.6159292]
Train loss:[1.2243397, 0.9105561, 0.66767925, 0.54937685, 0.514642, 0.5229962, 0.4557055, 0.43492326, 0.42070606, 0.45163396, 0.44641554, 0.44232392, 0.45755824, 0.49430585, 0.5053953, 0.4513881, 0.6601886, 0.41126552, 0.5602056, 0.56728107, 0.52683187, 0.5545919, 0.5304979, 0.5823984, 0.5351192, 0.44465512, 0.65495193, 0.59919363, 0.46444595, 0.4764189, 0.39453375, 0.49963582, 0.52862304, 0.49248368, 0.514719, 0.5049044, 0.6412468, 0.5270785, 0.77173704, 0.4557914, 0.495127, 0.53947663, 0.5950527, 0.4785838, 0.5521743, 0.49771407, 0.6334519, 0.5072679, 0.3825081, 0.47138384, 0.47625446, 0.5394342, 0.775685, 0.5544367, 0.46321505, 0.59339964, 0.64766276, 0.41249734, 0.48494077, 0.57418084, 0.5605516, 0.5549171, 0.40766197, 0.42423442, 0.5288963, 0.62693703, 0.42696404, 0.4382534, 0.48211813, 0.48378026, 0.51000005, 0.5806315, 0.55558133, 0.36221623, 0.50370944, 0.2722664, 0.5880008, 0.49477607, 0.49408865, 0.5316712, 0.5583761, 0.49371535, 0.49351126, 0.64770293, 0.8164959, 0.60756826, 0.48924965, 0.6910446, 0.5009023, 0.5094215, 0.525339, 0.57433367, 0.49987382, 0.5380757, 0.5197466, 0.35788548, 0.5149226, 0.56697196, 0.41495785, 0.4266886]

imputation,1,100,0.0,0.8324
Test loss:[1.5214763]
Train loss:[1.3024683, 0.90699, 0.78642267, 0.83093035, 0.6620991, 0.52607876, 0.59481466, 0.62223536, 0.4938371, 0.6079751, 0.7079118, 0.62855816, 0.44595078, 1.1846337, 0.6417465, 0.7623239, 0.61854714, 0.84314024, 0.64435226, 0.92795175, 0.60103244, 0.84429586, 0.7261606, 0.9628296, 0.50424886, 0.6099815, 0.9601952, 0.56542754, 0.5158942, 0.5747497, 0.592513, 0.6961313, 0.6007809, 0.6569624, 0.6539842, 0.8390744, 0.733464, 0.6089256, 0.57733274, 0.43066716, 0.64006364, 0.4732838, 0.74464107, 0.50445664, 0.70601547, 0.44933885, 0.52109957, 0.41624868, 0.42796224, 0.6363659, 0.36701763, 0.44756883, 0.5790524, 0.5679858, 0.3647104, 0.6941341, 0.5186757, 0.66000247, 0.5821167, 0.5924689, 0.3266581, 0.49004364, 0.802566, 0.8434992, 0.35192847, 0.7857914, 0.75406367, 0.3547603, 0.37093297, 0.54696155, 0.60450387, 0.7719303, 0.5421779, 0.43027213, 0.36923528, 0.7689067, 0.5169741, 0.49657238, 0.67563933, 0.28085372, 0.4183774, 0.5625592, 0.48060614, 0.47892487, 0.72050524, 0.4853786, 1.0277288, 0.69202054, 0.68296576, 0.654446, 0.72918254, 0.41674057, 0.38363767, 0.28947824, 0.6357148, 0.78380436, 0.5042546, 0.6331676, 0.837119, 0.5225063]
different_cost,10,1,0.5,0.48784
Test loss:[1.9912825]
Train loss:[1.6833168]
