theirs,1,100,0.0,0.7057
Test loss:[0.022583947]
Train loss:[1.010153, 0.7656808, 0.646775, 0.68653643, 0.47570637, 0.49465698, 0.4490051, 0.48509693, 0.42258823, 0.44084203, 0.5151954, 0.40718493, 0.55093795, 0.42596316, 0.43401086, 0.4192877, 0.5879504, 0.46600005, 0.41628173, 0.33452326, 0.3085813, 0.3460701, 0.3043428, 0.39471096, 0.5024861, 0.41991737, 0.4076404, 0.40461355, 0.34635556, 0.3752249, 0.2695911, 0.35126266, 0.30432436, 0.5736864, 0.39217466, 0.3049183, 0.2991604, 0.40607265, 0.3626571, 0.26678172, 0.42919058, 0.27206218, 0.37782922, 0.32765108, 0.49112535, 0.309084, 0.36415926, 0.46593106, 0.3148147, 0.26650685, 0.39751673, 0.451788, 0.2939052, 0.33475026, 0.36079425, 0.4831295, 0.39538985, 0.2849611, 0.42080683, 0.2945077, 0.27858773, 0.29278445, 0.3741961, 0.4776052, 0.4201446, 0.33687228, 0.4253826, 0.5243628, 0.3383396, 0.4073236, 0.68503475, 0.35233086, 0.46145582, 0.5073771, 0.33274275, 0.37653595, 0.28674966, 0.3600716, 3.4062805, 0.38609496, 0.34449208, 0.3960895, 0.3848782, 0.38975304, 0.63644093, 0.34623545, 0.39739823, 0.42536247, 0.36842075, 0.40842167, 0.45460922, 0.28600842, 0.38046938, 0.30037272, 0.54591435, 0.6570585, 0.36788222, 0.4142276, 0.53065675, 4.96744]
theirs,1,100,0.0,0.7635
Test loss:[0.6410734]
Train loss:[1.1714864, 1.2543085, 0.92004615, 0.869318, 0.729266, 0.70167685, 0.6766087, 0.65306425, 0.6972027, 0.59641594, 0.5974328, 0.56918764, 0.56836915, 0.55444753, 0.5723703, 0.522483, 0.5588461, 0.5296798, 0.5536519, 0.5844297, 0.5222027, 0.5491617, 0.5422731, 0.56094855, 0.5366787, 0.6197457, 0.5653304, 0.55209833, 0.5836845, 0.6215621, 0.5722207, 0.6395986, 0.58357763, 0.6577501, 0.666568, 0.58778733, 0.6176194, 0.6745101, 0.56095064, 0.5879194, 0.60590667, 0.55906296, 0.6102699, 0.66371405, 0.5324856, 0.62256336, 0.608169, 0.6155908, 0.6164963, 0.5564158, 0.5384779, 0.48734426, 0.53206754, 0.6008576, 0.5839369, 0.6011676, 0.6033236, 0.5831566, 0.5954151, 0.5485613, 0.5435288, 1.0581112, 0.54704434, 0.60690486, 0.6150268, 0.52932954, 0.5555429, 0.4946311, 0.47874737, 0.6332364, 0.5638217, 0.6523005, 0.5566442, 0.6766481, 0.57963526, 0.5917057, 0.6285301, 0.5876665, 0.5560028, 0.6167519, 0.55610406, 0.80002046, 0.6315121, 0.5734355, 0.5783818, 0.5451138, 0.5318128, 0.50147533, 0.56654215, 0.55313796, 0.50382173, 0.5686463, 0.65204, 0.5341178, 0.53829956, 0.5062697, 0.5123623, 0.5550835, 0.53657246, 0.535592]
first_layer,10,100,1.5,0.8434
Test loss:[0.0009133218]
Train loss:[1.233962, 1.1019995, 0.714663, 0.7882253, 0.63242376, 0.6851431, 0.51820767, 0.77730364, 0.5796057, 0.60954076, 0.48945242, 0.55410826, 0.7890573, 0.59829926, 0.7300089, 0.4689765, 0.5728809, 0.7032325, 0.46770808, 0.48807943, 0.4227505, 0.4331358, 0.5589788, 0.5127582, 0.4500339, 0.60167056, 0.4932257, 0.43679467, 0.47839773, 0.6960204, 0.60992026, 0.53304577, 0.4282427, 0.5262104, 0.4350935, 0.56344557, 0.46775007, 0.45501104, 0.73421335, 0.52366567, 0.5094702, 0.4192186, 0.5470061, 0.92047244, 0.46521968, 5.819175, 0.7872537, 0.54281557, 0.48764208, 0.4616117, 0.43144912, 0.40717676, 0.5935205, 0.6631571, 0.50119233, 0.75854063, 0.60460335, 0.69701093, 0.4357602, 0.61443484, 0.37515658, 0.56267405, 0.44331756, 0.4494144, 0.48638472, 0.4019968, 0.33356786, 0.6695642, 0.3831017, 0.427026, 0.42799816, 0.36777, 0.3993389, 0.6511652, 0.54105484, 0.61963886, 0.49670848, 0.34206155, 0.56966203, 0.4905246, 0.29482922, 0.5768591, 0.5860153, 0.48352358, 0.39825004, 0.94874907, 0.48629284, 0.47861698, 0.5291961, 0.49481755, 0.5442333, 0.43704933, 0.8293694, 0.4795081, 0.48228425, 0.45839465, 0.70104957, 0.48251927, 0.58087635, 0.41753584]
first_layer,10,100,0.0,0.7697
Test loss:[0.000435818]
Train loss:[1.2405714, 0.97238904, 0.8179077, 0.78400505, 0.4897863, 0.8604459, 0.68786216, 0.64912295, 0.6532499, 0.8801826, 0.576661, 0.552723, 0.498807, 0.47992805, 0.5647303, 0.8309344, 0.5605341, 0.83979154, 0.497711, 0.40341082, 0.59725356, 0.5389385, 0.48370665, 0.607521, 0.6572249, 0.41600433, 0.51035804, 0.5129839, 0.75455785, 0.37203464, 2.3050227, 0.40883008, 0.41269046, 0.42666605, 0.58811665, 0.6366964, 0.43156564, 0.6020057, 0.49971062, 0.40162235, 0.5751883, 0.52722776, 0.45116785, 0.57942736, 0.39505857, 0.5390626, 0.59651196, 0.44409645, 0.5244065, 0.62940264, 0.59683716, 0.34921938, 0.4804467, 0.4768288, 0.6199678, 0.5494548, 0.46235615, 0.46830976, 0.3678441, 0.43277627, 0.63964194, 0.5195022, 0.6048999, 0.6959928, 0.47553366, 0.3884185, 0.7151973, 0.8770485, 0.594882, 0.56245106, 0.40710557, 1.013555, 0.59773624, 0.4434264, 0.4307055, 0.38797945, 0.62769, 1.4589945, 0.42824265, 0.3841526, 0.48531806, 4.8677025, 0.7588581, 3.2116914, 0.59290636, 0.44589916, 0.7973679, 0.49079785, 0.53035307, 0.44630376, 0.63079923, 0.7280348, 0.47066104, 0.44599634, 2.024265, 0.7110577, 0.52166414, 0.5354509, 0.7793419, 0.58682215]
first_layer,10,100,0.5,0.8263
Test loss:[0.09290481]
Train loss:[1.335736, 0.98735636, 0.7303982, 0.6591245, 0.49312466, 0.72977966, 0.8862441, 0.91141284, 0.59036964, 0.5339552, 0.529595, 0.515022, 0.5697932, 0.59238863, 0.7147232, 0.6542351, 0.4740423, 0.491949, 0.49102303, 0.4675649, 0.4525621, 0.38267195, 0.45882693, 0.50352424, 0.53762245, 0.37436825, 0.46177015, 0.43217692, 0.5195428, 0.5630467, 0.43455756, 0.60053337, 0.4894093, 0.4898276, 0.51464474, 0.79323924, 0.39132968, 0.5108632, 0.4319728, 0.46065837, 0.47963956, 0.39215565, 0.4574232, 0.45703316, 0.48457915, 0.43790764, 0.45637196, 0.52214044, 0.47863957, 0.65153146, 0.3790627, 0.40615225, 0.4851795, 0.40328458, 0.46015, 0.44612184, 0.5349557, 0.74935454, 0.44619995, 0.600145, 0.4667452, 0.5143457, 0.6427828, 0.45287478, 0.5633364, 0.44862688, 0.62791145, 0.5542202, 0.47024193, 0.52515113, 0.4363745, 0.56553674, 0.4455567, 0.4579235, 0.77323693, 0.42947266, 0.47518146, 0.59497154, 0.58148706, 0.44757116, 0.49771917, 0.43531123, 0.48798433, 0.5395746, 0.5939121, 0.45841056, 0.6451895, 0.4724529, 1.3975995, 0.56955606, 0.46060497, 0.741642, 1.2267631, 0.61304224, 0.56657815, 0.44563884, 0.4853305, 0.4773116, 0.3289238, 0.4494707]
first_layer,10,100,1.5,0.5436
Test loss:[1.3049788]
Train loss:[1.3959827, 1.267848, 0.954612, 0.6734664, 0.89087963, 0.78211355, 0.8983699, 0.77700317, 1.060361, 0.5771285, 0.75553304, 0.72839814, 0.53547984, 0.5823009, 0.6612021, 0.6592042, 0.651546, 0.4754233, 0.70021594, 0.6966989, 0.8252663, 0.7927044, 0.6475072, 0.69887316, 0.9205593, 0.6645751, 0.963988, 0.5868195, 0.5628787, 0.778741, 0.7256535, 0.8387785, 0.6639761, 0.62113816, 0.8527932, 0.8596165, 0.6799944, 0.67253035, 0.7894757, 0.7828299, 0.69554675, 0.6580991, 1.0037584, 0.882992, 0.6900593, 0.6277869, 0.6463027, 0.88864064, 1.1393316, 0.7292498, 0.5247351, 0.8948006, 0.535523, 0.620026, 0.54963934, 0.5743592, 0.5910236, 0.9554595, 0.7983248, 1.006507, 0.53822887, 0.95871556, 0.64109546, 0.7106606, 1.036299, 0.7876206, 1.3931501, 0.80039704, 1.1958196, 0.9937539, 1.0432664, 0.94800925, 2.6566584, 0.9769919, 0.9447557, 0.9571229, 1.4450548, 1.0200876, 0.82191956, 1.3774018, 1.059506, 0.9434592, 1.2992127, 0.9666581, 0.970925, 1.1568328, 1.0358794, 4.623914, 0.9748716, 1.3168969, 0.9341258, 1.2407482, 1.2053244, 1.2030518, 1.0390493, 1.0005796, 0.8369998, 1.6260095, 2.8964672, 1.3674169]
last_layer,10,100,0.0,0.8447
Test loss:[1.788139e-07]
Train loss:[1.4167833, 0.97869605, 0.82206, 0.8310724, 0.5748335, 0.6049039, 0.47266904, 0.5464546, 0.59020793, 0.47004092, 0.57568324, 0.6506224, 0.64083385, 0.5071291, 0.68409586, 0.44509965, 0.50936157, 0.48229942, 0.5169202, 0.51488554, 0.6266902, 0.5153372, 0.4970885, 0.47827408, 0.57376766, 0.42271656, 0.42071638, 0.465083, 0.4329287, 0.6510721, 0.44835737, 0.5933127, 0.4237458, 0.4649587, 0.5044156, 0.5934557, 0.41020155, 0.52370095, 0.58131915, 0.41835305, 0.41401944, 0.53893834, 0.5616461, 0.41347528, 0.42929208, 0.40657756, 0.56483245, 0.4604494, 0.41744834, 0.53151435, 0.53785, 0.358562, 0.48267514, 0.4805917, 0.42382544, 0.43543446, 0.53242505, 0.47214285, 0.5327059, 0.4580789, 0.38956237, 0.4339442, 0.43385696, 0.51596534, 0.4677068, 0.40427026, 0.41295218, 0.4234493, 0.509264, 0.4270989, 0.51741403, 0.40367025, 0.5650606, 0.35846883, 0.42405787, 0.47982946, 0.4976496, 0.452302, 0.54648346, 0.4583, 0.3661542, 0.32863426, 0.39532247, 0.48691317, 0.4110291, 0.47309428, 0.49237677, 0.661964, 0.48419154, 0.40720555, 0.55631113, 0.5158943, 0.36546603, 0.6376679, 0.45215437, 0.3976869, 0.4428465, 0.47212243, 0.32501283, 0.45464918]
last_layer,10,100,1.5,0.8345
Test loss:[0.0031483977]
Train loss:[1.1484311, 1.0344696, 0.81804776, 0.6142286, 0.70802903, 0.5810207, 0.6263416, 0.571867, 0.48214304, 0.573025, 0.68444085, 0.6710259, 0.47783327, 0.5205449, 0.69922173, 0.5925313, 0.46280015, 0.51634955, 0.5206485, 0.5722773, 0.6033316, 0.5603266, 0.5692766, 0.566406, 0.4941793, 0.5227448, 0.37591273, 0.4830785, 0.4539914, 0.46746626, 0.52966195, 0.5964717, 0.42437607, 0.3155452, 0.66487813, 0.438291, 0.56026673, 0.47529462, 0.4647413, 0.72223747, 0.5063989, 0.45683634, 0.49803144, 0.492828, 0.54246587, 0.37777942, 0.3952526, 0.5286443, 0.5281718, 0.35557026, 0.3424406, 0.44912952, 0.55790925, 0.44906473, 0.3732461, 0.4737948, 0.31137118, 0.450583, 0.43245327, 0.47825855, 0.4896233, 0.486867, 0.41407847, 0.5104309, 0.36149526, 0.41020167, 0.33464187, 0.46682125, 0.55353886, 0.5246215, 0.6492865, 0.4177795, 0.38842142, 0.39940342, 0.5194118, 0.45546073, 0.42646343, 0.5466341, 0.4078799, 0.39014357, 0.37847084, 0.42393753, 0.49028313, 0.43658835, 0.44408375, 0.36288863, 0.4806133, 0.44695908, 0.38974255, 0.48587283, 0.39355633, 0.44576278, 0.46558726, 0.47349626, 0.43945426, 0.5406491, 0.3519413, 0.3147261, 0.44875413, 0.4005741]
last_layer,20,100,0.5,0.8365
Test loss:[0.00050376303]
Train loss:[1.3973092, 0.92214787, 0.71325785, 0.85701966, 0.48812154, 0.51162934, 0.6084691, 0.441864, 0.446048, 0.49681956, 0.96481276, 0.7443994, 0.44312257, 0.39859864, 0.43100232, 0.6920763, 0.5238329, 0.56221724, 0.45125175, 0.396393, 0.45448956, 0.501527, 0.42985252, 0.6749339, 0.4245321, 0.39058033, 0.7223038, 0.4252316, 0.44739524, 0.4542814, 0.3524538, 0.4335405, 0.3928347, 0.49069217, 0.7018802, 0.47371614, 0.35790396, 0.5758201, 0.55928725, 0.48997447, 0.46699664, 0.47766766, 0.51354253, 0.47856796, 0.63526124, 0.71287876, 0.5732315, 0.37702173, 0.44846806, 0.5038308, 0.6284625, 0.6163294, 0.44830918, 0.38311523, 0.5455184, 0.7061265, 0.5906882, 0.50903654, 0.4974971, 0.42808115, 0.4845289, 0.4138805, 0.45560503, 0.3438314, 0.46695468, 0.6212933, 0.61886895, 0.5719553, 0.4585221, 0.56288993, 0.4236268, 0.55915844, 0.48726183, 0.7127862, 0.39735043, 0.42480424, 0.44366705, 0.43574375, 0.48795295, 0.36179355, 0.5270294, 0.45155144, 0.5543042, 0.39447528, 0.60748136, 0.37023923, 0.41263068, 0.6278992, 0.68421555, 0.4954368, 0.45850146, 0.48315293, 0.32462555, 0.50041485, 0.75022674, 0.4729143, 0.3976947, 0.43068048, 0.40450832, 0.6551229]
last_layer,20,100,0.5,0.7433
Test loss:[0.00085210014]
Train loss:[1.2544991, 1.1785178, 0.9445225, 0.8042586, 0.66422725, 0.7830424, 0.68161666, 0.73267955, 0.57329637, 0.60368526, 0.6714558, 0.61049104, 0.5549656, 0.55568373, 0.39560282, 0.45207763, 0.41524825, 0.49729496, 0.62108517, 0.5875464, 0.44801044, 0.47130057, 0.53656876, 0.52871704, 0.4454314, 0.50266975, 0.56412137, 0.49779335, 0.495284, 0.51397866, 0.5960195, 0.4633426, 0.68190825, 0.51319647, 0.6036151, 0.50224125, 0.6191879, 0.6070831, 0.5452957, 0.63319886, 0.77353406, 0.5742948, 0.6205967, 0.5711937, 0.7672604, 0.6199997, 0.57628495, 0.52189195, 0.6412527, 0.7086716, 0.5299182, 0.54436404, 0.52885383, 0.5989595, 0.74347097, 0.4350191, 0.55890906, 0.58563364, 0.6641117, 0.58523345, 0.7052988, 0.60291654, 0.5225879, 0.58106947, 0.5125764, 0.7355703, 0.80225724, 0.54292774, 0.4766806, 0.5539938, 0.6941693, 0.4601106, 0.726814, 0.65630245, 0.55594844, 0.70259094, 0.6233431, 0.49001813, 0.5042905, 0.5764006, 0.87017477, 0.9730232, 0.70498717, 0.45550603, 0.83294904, 0.77736336, 0.7436842, 0.7462098, 0.7157815, 0.55482507, 0.7958868, 0.6491425, 0.69355756, 0.5290113, 0.6128422, 0.63018304, 0.70726025, 0.73616564, 0.5250316, 1.3424733]
last_layer,100,100,1.0,0.8414
Test loss:[2.0861582e-06]
Train loss:[1.310694, 0.85263735, 0.7856425, 0.55342096, 0.49953315, 0.4449954, 0.4241625, 0.4941581, 0.43218347, 0.4524813, 0.5167055, 0.5079617, 0.47337434, 0.9157884, 0.60875857, 0.49581563, 0.3860139, 1.0747005, 0.5228273, 0.60653627, 0.5480177, 0.40482488, 0.5374683, 0.64556223, 0.40011343, 0.5946978, 0.5247299, 0.4547078, 0.46268013, 0.521494, 0.41716334, 0.406285, 0.4307949, 0.638476, 0.40422738, 0.56186664, 0.46357173, 0.42775527, 0.36931574, 0.72694254, 0.46333933, 0.6583477, 0.3874727, 0.38565007, 0.4128905, 0.48319787, 0.5668856, 0.49926713, 0.44471392, 0.50585467, 0.42772797, 0.37199256, 0.39356193, 0.3676002, 0.58414793, 0.4271738, 0.53414387, 0.34448573, 0.3847709, 0.63334185, 0.40858206, 0.3242881, 0.43920252, 0.38644198, 0.6049814, 0.39180285, 0.44483018, 0.4041142, 0.53436023, 0.4781679, 0.44747788, 0.51118726, 0.48057687, 0.36724347, 0.3374142, 0.42963892, 0.45744324, 0.5799517, 0.42277163, 0.3367442, 0.5184128, 0.5722209, 0.31720877, 0.6349636, 0.40000308, 0.34166387, 0.38437885, 0.38446552, 0.33785415, 1.717265, 0.37567213, 0.556695, 0.36818203, 0.3164661, 0.6316464, 0.4640099, 0.31344604, 0.51875377, 0.49596533, 0.36635348]
imputation,1,100,0.0,0.7894
Test loss:[3.2782448e-06]
Train loss:[1.1051676, 0.7762861, 0.6064613, 0.5820076, 0.5557141, 0.47678632, 0.5487125, 0.46313637, 0.52138054, 0.525565, 0.5642297, 0.60431826, 0.6880501, 0.48217952, 0.5171462, 0.49921376, 0.53381616, 0.69526935, 0.41984373, 0.60610765, 0.4085763, 0.53205824, 0.5179275, 0.4291191, 0.43081236, 0.51301616, 0.5074623, 0.4403609, 0.3552333, 0.4330575, 0.34902447, 0.49984783, 0.45976713, 0.49279413, 0.38650006, 0.45769262, 0.36309233, 0.38394332, 0.54027724, 0.5149385, 0.439434, 0.4381404, 0.56196016, 0.550172, 0.35849977, 0.5225691, 0.548761, 0.3570234, 0.53774303, 0.5395405, 0.71426123, 0.52670956, 0.3677386, 0.49556682, 0.4554357, 0.38580045, 0.5200299, 0.45145613, 0.52020556, 0.6113215, 0.48329598, 0.39005154, 0.43869138, 0.39372513, 0.3367991, 0.49038872, 0.3807334, 0.43089223, 0.3988701, 0.83433855, 0.3515408, 0.52951354, 0.588799, 0.52301264, 0.62076104, 0.3841839, 0.58342063, 0.5385064, 0.42308003, 0.51554656, 0.3811283, 0.459422, 0.44786125, 0.31304896, 0.41677746, 0.599883, 0.42544782, 0.30253142, 0.54579943, 0.37614933, 0.4869629, 0.82056385, 0.25836903, 1.2981358, 0.37803042, 0.27225807, 0.31435895, 0.6451448, 0.41079533, 0.53082997]
different_cost,10,100,0.5,0.7626
Test loss:[0.25439748]
Train loss:[1.493741, 1.3650382, 1.1998603, 1.0663502, 1.0355966, 0.91150874, 0.85429, 0.95280045, 0.9295586, 0.89527404, 0.8585777, 0.90283364, 0.8832878, 0.851354, 0.85697234, 0.93021166, 0.87701064, 0.86121094, 0.8014809, 0.76402545, 0.8249418, 0.7579378, 0.8924837, 0.8752545, 0.7532815, 0.7420081, 0.81386507, 0.77612865, 0.70020765, 0.6958545, 0.7542913, 0.7137362, 0.7402206, 0.7358968, 0.76610875, 0.72549516, 0.68518764, 0.7374396, 0.7226291, 0.7384137, 0.76271176, 0.70505893, 0.67843384, 0.65107924, 0.7025058, 0.7363392, 0.66034585, 0.6916452, 0.7241728, 0.68472844, 0.78626865, 0.7397723, 0.6712364, 0.7017886, 0.68100137, 0.70540667, 0.8742658, 0.632006, 0.63302433, 0.68080175, 0.7513114, 0.65984315, 0.7698373, 0.7093446, 0.6836611, 0.7166523, 0.7129496, 0.6585128, 0.729162, 0.6750972, 0.7525502, 0.6657481, 0.64706504, 0.7076589, 0.6539701, 0.6472746, 0.6460262, 0.63605875, 0.7023565, 0.68645096, 0.73242694, 0.70142514, 0.7326394, 0.6607428, 0.7002571, 0.67819357, 0.7293948, 0.6928527, 0.67178637, 0.7651662, 0.64690816, 0.69624627, 0.74237454, 0.7950357, 0.6579386, 0.7243499, 0.63578564, 0.72722256, 0.66745245, 0.6916586]
different_cost,10,100,0.0,0.76401
Test loss:[0.44944733]
Train loss:[1.5434843, 1.2177793, 1.1036639, 1.0881577, 0.9741961, 1.0299199, 0.96726274, 0.8784641, 0.986709, 0.895356, 0.85958254, 0.85457337, 0.8404547, 0.775558, 0.79388076, 0.9081481, 0.7959653, 0.8355819, 0.78409624, 0.7579428, 0.7971078, 0.8240716, 0.75949156, 0.81658304, 0.77295244, 0.7509444, 0.7761376, 0.84302413, 0.78462696, 0.70544636, 0.76731783, 0.79085034, 0.7219009, 0.7700552, 0.7720605, 0.8207145, 0.7454909, 0.7935413, 0.72697294, 0.7658446, 0.72302616, 0.77819926, 0.92377394, 0.76127946, 0.7516642, 0.6862041, 0.77594364, 0.7378448, 0.77110445, 0.6862274, 0.64259255, 0.680601, 0.7256314, 0.75044423, 0.748607, 0.6959199, 0.8566019, 0.7808147, 0.73886406, 0.6530121, 0.727567, 0.7785217, 0.84011877, 0.6958321, 0.7365499, 0.7217136, 0.70062196, 0.69739425, 0.758443, 0.73054206, 0.7287115, 0.7420088, 0.6547867, 0.7340795, 0.7231304, 0.7110008, 0.71817577, 1.0793705, 0.7591756, 0.74521244, 0.7092053, 0.7707592, 0.6849588, 0.72524, 0.7989816, 0.69782865, 0.7231944, 0.7614617, 0.74809927, 0.7569934, 0.72988766, 0.7152769, 0.70285237, 0.695045, 0.65673953, 0.723573, 0.7821824, 0.67442924, 0.7702987, 0.7635437]
different_cost,10,100,1.5,0.76132
Test loss:[0.31665826]
Train loss:[1.6237056, 1.3895605, 1.3068736, 1.0644068, 1.104866, 1.039176, 1.0112069, 0.9080988, 0.89651126, 0.9185406, 0.8770584, 0.7957717, 0.9199295, 0.8001054, 0.8373021, 0.8942744, 0.8380629, 0.81364745, 0.7875082, 0.81063795, 0.83939373, 0.84590137, 0.77415663, 0.7873036, 0.7671032, 0.75321496, 0.7306768, 0.7087426, 0.7134238, 0.7707923, 0.6867376, 0.70974374, 0.76953816, 0.76545984, 0.74337655, 0.7693746, 0.764062, 0.7417244, 0.6746324, 0.7121639, 0.7371058, 0.6463497, 0.7193198, 0.7554575, 0.7176453, 0.6846074, 0.65770656, 0.6962244, 0.73753226, 0.72532505, 0.71057284, 0.6904472, 0.69167566, 0.69486076, 0.624565, 0.6361946, 0.64788234, 0.6553303, 0.73096585, 0.76374185, 0.6662259, 0.6668035, 0.6827525, 0.64184743, 0.61553454, 0.6152804, 0.64261025, 0.7042786, 0.6715966, 0.60528576, 0.69183844, 0.68200284, 0.6112826, 0.6649314, 0.6143784, 0.6161174, 0.68891907, 0.6283845, 0.63990045, 0.6684104, 0.6477683, 0.7284974, 0.6470455, 0.7033932, 0.6737306, 0.6508245, 0.6577339, 0.6822644, 0.590758, 0.62500685, 0.72663987, 0.6409685, 0.6708931, 0.5996416, 0.6173972, 0.69272196, 0.7032207, 0.59836984, 0.6469915, 0.67123365]
