imputation,1,100,0.0,0.9286
Test loss:[0.0]
Train loss:[0.29876155, 0.2647438, 0.24799694, 0.25084603, 0.2565452, 0.24964228, 0.23159933, 0.22183986, 0.21076213, 0.22107589, 0.23562603, 0.23671435, 0.20851219, 0.076783575, 0.12612776, 0.15391175, 0.07832157, 0.11977038, 0.052944448, 0.09592522, 0.0015838452, 0.042286526, 0.017905518, 0.09505669, 0.0007095179, 0.0002815702, 0.007348036, 0.06400173, 2.8565777e-05, 0.0979549, 0.0052262754, 0.15217575, 9.82345e-06, 0.003025584, 3.6912257e-05, 0.0009770204, 0.06313734, 0.055367745, 0.010354964, 0.008852009, 0.00015861598, 0.011002208, 0.020741913, 0.00017541982, 1.7837536e-05, 0.0024991774, 7.524264e-06, 0.056855693, 8.19562e-08, 3.6135032e-07, 0.07419935, 0.013091786, 0.06528837, 5.6689085e-05, 0.00087902014, 1.02445156e-07, 1.8192295e-05, 0.10771916, 0.003690897, 4.259419e-06, 8.009361e-08, 0.0002356846, 1.609264e-06, 4.9820534e-05, 3.2220566e-06, 1.1085073e-05, 0.32366288, 8.768735e-06, 0.1258047, 1.0691266e-06, 1.2814475e-06, 1.9557659e-07, 3.7918867e-06, 4.4287426e-06, 5.0291376e-08, 1.5652382e-05, 3.2968597e-07, 2.093559e-06, 0.0001299476, 0.1358395, 0.00010121431, 1.9761421e-06, 0.022937726, 0.03912164, 0.25812134, 0.28610873, 1.4591914e-05, 5.7741893e-08, 0.0, 2.3587492e-05, 6.0522187e-05, 9.762953e-05, 0.008751777, 4.4138014e-05, 0.0019808055, 1.4901158e-08, 2.4400555e-07, 0.0, 5.140079e-06, 0.0071690734]
first_layer,10,100,1.5,0.9102
Test loss:[0.0]
Train loss:[0.36909294, 0.20821741, 0.27244312, 0.2297593, 0.23376441, 0.19026381, 0.21815442, 0.28535253, 0.24689612, 0.22834839, 0.2537384, 0.23455551, 0.24498433, 0.28716373, 0.19787325, 0.20247175, 0.29249334, 0.16463576, 0.3214779, 0.15175979, 0.21034689, 0.16757011, 0.18356636, 0.0743136, 0.32165635, 0.17754684, 0.29671475, 0.30606085, 0.26574928, 0.27524054, 0.13792062, 0.2973842, 0.19288415, 0.24713375, 0.06094196, 0.18119301, 0.2361538, 0.15058671, 0.33539134, 0.19366047, 0.17392316, 0.2853171, 0.13203888, 0.2614754, 0.12853603, 0.32018077, 0.34661523, 0.17758301, 0.1684117, 0.09217718, 0.10650041, 0.27900583, 0.18550467, 0.21460263, 0.103581816, 0.122528635, 0.1318027, 0.051237315, 0.12751167, 0.057636995, 0.097451426, 0.025018686, 0.066433966, 0.112088054, 0.064243585, 0.10292207, 0.09929349, 0.05421094, 0.13026305, 0.02837198, 0.32711554, 0.03738298, 0.2876834, 0.34532908, 0.06775385, 0.2391601, 0.10537676, 0.276371, 0.018490344, 0.14437653, 0.03518693, 0.113397636, 0.16037986, 0.015727034, 0.044522658, 0.08637319, 0.02091314, 0.034897245, 0.22680277, 0.12057953, 0.043679647, 0.0034305502, 0.20837206, 0.010846206, 0.19803753, 0.09163422, 0.028360166, 0.10881659, 0.2487427, 0.07056313]
first_layer,10,100,0.0,0.915
Test loss:[0.0]
Train loss:[0.39721102, 0.33774194, 0.31444004, 0.3031514, 0.31162798, 0.3069517, 0.30624738, 0.26931536, 0.26623574, 0.25157812, 0.2587847, 0.26290056, 0.21491337, 0.21966095, 0.30699942, 0.28736115, 0.36297795, 0.2765254, 0.31606445, 0.25719708, 0.26572227, 0.146428, 0.15587126, 0.29992452, 0.23014879, 0.38550106, 0.24167573, 0.37434667, 0.19546442, 0.34221876, 0.1692471, 0.4413848, 0.44789705, 0.17408098, 0.22886454, 0.28407598, 0.37503102, 0.19356252, 0.168105, 0.29466304, 0.27536312, 0.24772511, 0.39494783, 0.13391477, 0.25331202, 0.18771107, 0.18620759, 0.15917467, 0.26677877, 0.055114396, 0.10591051, 0.271069, 0.121958785, 0.11574789, 0.12395749, 0.25728118, 0.0061776, 0.021448428, 0.08942687, 0.11502877, 0.11935842, 0.10253248, 0.08820778, 0.027959986, 0.17080036, 0.084108695, 0.2511659, 0.11093955, 0.29163057, 0.138861, 0.020772222, 0.10925293, 0.097224794, 0.19655518, 0.005394242, 0.08815411, 0.025385937, 0.002885362, 0.45127872, 0.019848144, 0.021791562, 0.002495018, 0.12784997, 0.18477964, 0.14411665, 0.010036608, 0.10111697, 0.049934827, 0.09412993, 8.3831634e-05, 0.03456197, 0.00043783025, 0.10382053, 0.08365088, 2.5517818e-05, 0.16096674, 0.0042838138, 0.14864166, 0.0011685551, 0.0065604104]
first_layer,10,100,0.5,0.9096
Test loss:[0.0]
Train loss:[0.28464526, 0.19935854, 0.36814684, 0.2044054, 0.22248098, 0.19207896, 0.19502339, 0.26840696, 0.250566, 0.24635893, 0.23067267, 0.20069431, 0.22760081, 0.2155664, 0.24435101, 0.27605397, 0.2830634, 0.26745147, 0.1539462, 0.22474194, 0.20082694, 0.2335518, 0.31491855, 0.11263506, 0.3005126, 0.18578146, 0.15758298, 0.13839339, 0.17313354, 0.10770887, 0.2925405, 0.09278166, 0.120935835, 0.09157612, 0.14841814, 0.19450808, 0.13358648, 0.06499631, 0.2384452, 0.19338942, 0.11894117, 0.1063326, 0.13828716, 0.14574996, 0.06411516, 0.3824501, 0.15753713, 0.13882396, 0.056889907, 0.031028733, 0.17918894, 0.19555756, 0.24849303, 0.08734903, 0.06270698, 0.21908931, 0.08365227, 0.32449928, 0.15338567, 0.29233295, 0.18186638, 0.16479972, 0.036297023, 0.10627745, 0.14439085, 0.23525923, 0.22251227, 0.07102186, 0.20085602, 0.1715069, 0.014007245, 0.08529027, 0.21175556, 0.007911705, 0.2526185, 0.1286863, 0.11280798, 0.03740596, 0.15464962, 0.02086153, 0.06572348, 0.15392718, 0.025755867, 0.012440411, 0.0967235, 0.004199327, 0.043627694, 0.021452388, 0.11572577, 0.0036670743, 0.07285218, 0.18040681, 0.00096651714, 0.17503956, 0.0028452526, 0.3897969, 0.062190495, 0.010159914, 0.007484706, 0.11749959]
last_layer,10,100,0.0,0.9097
Test loss:[0.0]
Train loss:[0.39076054, 0.40491515, 0.31175375, 0.30808347, 0.27915272, 0.33399302, 0.30501676, 0.37759003, 0.30715317, 0.3156327, 0.25196302, 0.45124644, 0.38316306, 0.51568794, 0.35463634, 0.4481256, 0.30173704, 0.37804317, 0.37422493, 0.34757823, 0.4464433, 0.2659851, 0.40929717, 0.19712299, 0.35655126, 0.3778774, 0.24213032, 0.35460556, 0.33134225, 0.58025503, 0.38948867, 0.61912686, 0.45870602, 0.61943924, 0.4719014, 0.35626388, 0.4718195, 0.32959107, 0.5029268, 0.20869596, 0.39077374, 0.34620368, 0.42418632, 0.37897894, 0.24422209, 0.38146046, 0.3723653, 0.34767774, 0.30974805, 0.35843438, 0.34033954, 0.35525897, 0.3238652, 0.2662107, 0.31161737, 0.27861032, 0.24747136, 0.28798172, 0.35306108, 0.10115435, 0.20674695, 0.16813467, 0.46141523, 0.19723363, 0.30447572, 0.24728784, 0.13976982, 0.23070748, 0.3786991, 0.3667943, 0.13988201, 0.2770474, 0.38024345, 0.0067216735, 0.4629217, 0.19057941, 0.13208105, 0.19200292, 0.17145745, 0.16426708, 0.1309885, 0.059514433, 0.18548632, 0.23502167, 0.08529833, 0.27291888, 0.04069189, 0.065309584, 0.120688684, 0.08306543, 0.268253, 0.13949622, 0.13570896, 0.11883054, 0.065410055, 0.14505129, 0.011257926, 0.14028609, 0.05867597, 0.042799544]
last_layer,10,100,1.5,0.913
Test loss:[0.0]
Train loss:[0.5152429, 0.36217508, 0.28522843, 0.2502117, 0.29285628, 0.25386575, 0.19081345, 0.27952754, 0.2912814, 0.26914433, 0.25368926, 0.23697701, 0.2296925, 0.13874725, 0.20372197, 0.30035543, 0.23126215, 0.26107264, 0.32008016, 0.26119873, 0.21876657, 0.32124817, 0.19587299, 0.13845846, 0.3273932, 0.25030342, 0.21282148, 0.23313813, 0.14046046, 0.2793461, 0.19145262, 0.10521841, 0.16782147, 0.21770196, 0.2938217, 0.30030861, 0.13623606, 0.13581254, 0.26438424, 0.1594494, 0.19896193, 0.2425562, 0.15807045, 0.2504253, 0.08463222, 0.18578938, 0.13278039, 0.20251544, 0.29912996, 0.14961855, 0.2164891, 0.15764521, 0.08378232, 0.18343833, 0.086523265, 0.16805683, 0.12934434, 0.18819612, 0.40830135, 0.13317722, 0.31047451, 0.19788706, 0.2466486, 0.154818, 0.17308763, 0.16599675, 0.04029364, 0.031792853, 0.3000648, 0.25883076, 0.118618004, 0.069389924, 0.06758391, 0.17388749, 0.19051622, 0.15965138, 0.2354417, 0.04159693, 0.14671262, 0.012639179, 0.005947402, 0.02994064, 0.042652342, 0.23955424, 0.00026138482, 0.09117126, 0.19378701, 0.034987506, 0.18961437, 0.0014559615, 0.063656, 0.009450156, 0.08689252, 0.026125707, 0.3046615, 0.23688705, 0.023262182, 0.05017907, 0.06291715, 0.047254387]
last_layer,20,100,0.5,0.9058
Test loss:[0.0]
Train loss:[0.48159325, 0.31415594, 0.3545434, 0.39843065, 0.2846514, 0.26586878, 0.38668832, 0.3484438, 0.3192242, 0.29490587, 0.3079929, 0.37229705, 0.43607947, 0.29277676, 0.31425446, 0.21396449, 0.2267871, 0.334871, 0.17390935, 0.3345779, 0.23252715, 0.23054712, 0.2516227, 0.098827966, 0.1377739, 0.13912575, 0.21312547, 0.29135522, 0.18957877, 0.2704918, 0.16822755, 0.10894205, 0.10032669, 0.14467336, 0.09545935, 0.14407733, 0.1256308, 0.075143814, 0.16596435, 0.085217945, 0.046374198, 0.37282723, 0.16097835, 0.13561822, 0.174332, 0.13991278, 0.19060141, 0.14585356, 0.2612548, 0.4563753, 0.04325035, 0.026511824, 0.13936688, 0.065732785, 0.115215376, 0.05317286, 0.07784147, 0.4260176, 0.0031918525, 0.13317095, 0.035942428, 0.3578553, 0.0028343378, 0.028347766, 0.025283618, 0.070160285, 0.06502048, 0.0034469701, 0.20844735, 0.034795914, 0.022522615, 0.14033006, 0.107185654, 0.20337252, 0.009558708, 0.0070668794, 0.0008295452, 0.01015505, 0.11026184, 0.21303913, 0.043606933, 0.13836633, 0.12417114, 0.13180768, 0.082121834, 0.029515792, 0.18286759, 0.21829101, 0.26327693, 0.053570226, 0.0017945163, 0.0018804157, 0.036538675, 0.032290194, 0.058198974, 0.077442124, 0.04444801, 0.20222057, 0.3952188, 0.004773461]
imputation,1,50,0.0,0.9258
Test loss:[0.0]
Train loss:[0.41176587, 0.38243216, 0.3496939, 0.25624487, 0.2464988, 0.21190725, 0.18703753, 0.14216714, 0.15043499, 0.10746105, 0.13509022, 0.10359438, 0.20121282, 0.024319489, 0.1650773, 0.11324845, 0.029876333, 0.10907575, 0.09869592, 0.013652991, 0.026230963, 0.021882014, 0.067506924, 0.105303995, 0.08915895, 0.0013867889, 0.027955059, 0.03722705, 0.013613294, 0.007088578, 0.07268103, 0.0018229808, 0.006824633, 0.0072391913, 0.0089869965, 0.12008466, 0.00010513202, 0.0001682627, 0.0330838, 0.0011357863, 0.008185511, 0.13354439, 0.0025407663, 0.0023968527, 0.0085344445, 4.749625e-05, 0.035356298, 0.0006236067, 0.0013879185, 0.0004135562]
first_layer,10,50,1.5,0.9058
Test loss:[1.0132779e-06]
Train loss:[0.6719275, 0.5876224, 0.5266464, 0.3678655, 0.2855276, 0.33596647, 0.29679427, 0.31382003, 0.22151966, 0.29798165, 0.22475237, 0.2623303, 0.36085698, 0.29097593, 0.34882864, 0.32850662, 0.2951871, 0.30102682, 0.32451695, 0.32551718, 0.21654786, 0.32009465, 0.25999042, 0.24808249, 0.14899017, 0.2766435, 0.23251615, 0.17225108, 0.21056451, 0.3386355, 0.16785337, 0.5471911, 0.21643241, 0.27177358, 0.28332716, 0.19938429, 0.28837037, 0.16123436, 0.14650336, 0.27656615, 0.2656419, 0.34695768, 0.23092893, 0.16183965, 0.22453736, 0.15177782, 0.41643253, 0.21434332, 0.19582552, 0.2343228]
imputation,1,50,0.0,0.9234
Test loss:[0.0]
Train loss:[0.3466343, 0.33248106, 0.3141951, 0.3297878, 0.34525645, 0.35219413, 0.37265038, 0.379644, 0.37483415, 0.36043468, 0.34073928, 0.38687372, 0.308195, 0.31057528, 0.25301796, 0.24724825, 0.29997143, 0.31333885, 0.26878527, 0.19182393, 0.17595135, 0.2639091, 0.25071135, 0.071612366, 0.0037998005, 0.0035951464, 0.080082774, 0.034078605, 0.007277631, 0.0009766173, 0.18875949, 0.053591453, 0.008408292, 0.13522737, 0.0055692457, 0.0015457851, 0.022208052, 0.27695844, 5.3632695e-05, 0.12385088, 0.020294797, 0.004740639, 0.3660583, 0.008201236, 0.0005445882, 0.13873576, 0.031139812, 0.032303497, 0.0001748763, 0.0025404785]
first_layer,10,50,1.5,0.9139
Test loss:[0.0]
Train loss:[0.46607894, 0.41695762, 0.38561803, 0.32552546, 0.3969679, 0.42712453, 0.38817495, 0.41306967, 0.25577417, 0.22709344, 0.22954239, 0.27438, 0.2749029, 0.2075339, 0.21786964, 0.2162539, 0.2424438, 0.1921198, 0.24877818, 0.23056176, 0.22653468, 0.1832353, 0.28140375, 0.1492754, 0.18042459, 0.21617433, 0.18543226, 0.1527595, 0.27344453, 0.28944296, 0.13600571, 0.27165958, 0.183658, 0.13865706, 0.17215402, 0.16817662, 0.21147588, 0.2524326, 0.12059127, 0.16268407, 0.18607712, 0.10536928, 0.217813, 0.16256404, 0.17953137, 0.2189704, 0.21944048, 0.16192135, 0.06443907, 0.052676056]
first_layer,20,50,0.5,0.9155
Test loss:[0.01095502]
Train loss:[0.52646565, 0.40683132, 0.38279527, 0.33504152, 0.3418775, 0.36122677, 0.34966648, 0.3347079, 0.3207255, 0.37998566, 0.3551078, 0.44618508, 0.4520069, 0.43127477, 0.36579254, 0.39839056, 0.34531945, 0.42844403, 0.46665436, 0.46416444, 0.420927, 0.32794604, 0.42863113, 0.285654, 0.3605971, 0.4707495, 0.39149868, 0.4964082, 0.42077437, 0.48909888, 0.6227997, 0.49214694, 0.33997405, 0.5228162, 0.45737073, 0.48570478, 0.60213995, 0.36851192, 0.5170475, 0.4690263, 0.6042012, 0.3587851, 0.35173798, 0.40819895, 0.30943996, 0.35623068, 0.3477365, 0.3222563, 0.28897765, 0.28374594]
last_layer,10,50,1.5,0.9021
Test loss:[7.7485976e-07]
Train loss:[0.62726694, 0.5221548, 0.4026999, 0.35915375, 0.40995094, 0.47716334, 0.38454008, 0.398427, 0.42263973, 0.44854835, 0.3732851, 0.39843392, 0.38471967, 0.3801657, 0.32876062, 0.2706603, 0.3609023, 0.3865475, 0.2906, 0.32502604, 0.3523053, 0.41604537, 0.34445724, 0.38789162, 0.31293982, 0.31793067, 0.26875496, 0.25899097, 0.26797417, 0.1605721, 0.23182799, 0.34459436, 0.31468406, 0.26793855, 0.32288247, 0.2810284, 0.20214415, 0.1166596, 0.17626223, 0.11078192, 0.14966303, 0.16424227, 0.20657638, 0.32979214, 0.22175471, 0.17571546, 0.16726749, 0.15325943, 0.17863162, 0.06357749]
last_layer,20,50,0.5,0.91
Test loss:[0.0]
Train loss:[0.5134472, 0.45310658, 0.40802133, 0.45527363, 0.4608592, 0.40758753, 0.43905497, 0.43342757, 0.4213191, 0.43532255, 0.42673713, 0.37929857, 0.40050668, 0.39779523, 0.43574488, 0.37566394, 0.3945544, 0.37662518, 0.53283674, 0.5160325, 0.47379762, 0.46190357, 0.48750162, 0.38234, 0.46430504, 0.41411474, 0.47573763, 0.4094092, 0.57148165, 0.5261344, 0.5993722, 0.45408636, 0.4578743, 0.45955727, 0.3872643, 0.5350402, 0.49551177, 0.45749137, 0.5109923, 0.38668808, 0.35389048, 0.38630658, 0.5022208, 0.53197974, 0.3794752, 0.3942544, 0.33136034, 0.56036025, 0.3620909, 0.30259648]
different_cost,10,50,0.5,0.88257
Test loss:[0.045323614]
Train loss:[0.6855615, 0.57426023, 0.53357446, 0.48368043, 0.4339064, 0.48692736, 0.4184081, 0.41333127, 0.41828218, 0.40063506, 0.4446242, 0.37459055, 0.4056883, 0.3838032, 0.42881188, 0.3816567, 0.41284376, 0.38165754, 0.45420027, 0.432339, 0.37445134, 0.36413425, 0.36514753, 0.33917654, 0.35124677, 0.42422873, 0.36661598, 0.338705, 0.35270917, 0.3467602, 0.37951177, 0.28627187, 0.23409112, 0.28993982, 0.30329508, 0.2936982, 0.28020537, 0.24223788, 0.23785806, 0.2634002, 0.23259215, 0.2170343, 0.21236952, 0.28373453, 0.21336532, 0.20220271, 0.23401508, 0.2306016, 0.21298094, 0.2899416]
