imputation,1,50,0.0,0.73801476
Test loss:1.9179143449557228
Train loss:[2.0863912753946345, 1.1475913979279104, 0.8637713667553759, 0.7293506802143932, 0.6444152612100787, 0.5788867594946832, 0.5264695298956856, 0.4802591020364254, 0.4422301649518373, 0.4092415666257309, 0.3827458753068669, 0.3571209712259149, 0.32881320318204704, 0.32065151219185833, 0.30185537971718934, 0.2942969247478261, 0.27562098296960535, 0.26122613676265044, 0.2554603422792159, 0.24389265117191947, 0.22938449052325216, 0.22984984347097537, 0.22531150217774673, 0.21497664580897943, 0.21133022503964985, 0.20233554244846025, 0.198253120786794, 0.20153733070990842, 0.1871122999162856, 0.1897271433804984, 0.18238168693415727, 0.18262211797574726, 0.17568907797298536, 0.17636460227480458, 0.17577234231231673, 0.1746324519873969, 0.16828938636088817, 0.17164948119279122, 0.15692258585853602, 0.16014659103011872, 0.16392721561175905, 0.1600724290816342, 0.1569613132217627, 0.15429202441182294, 0.16152793462178808, 0.14719172265283378, 0.15363841145413554, 0.15337351088252105, 0.14680702472573998, 0.15356021223862837]
imputation,1,50,0.0,0.68607867
Test loss:2.9572885921758436
Train loss:[2.147187899480797, 1.3898105678885406, 1.1251413457229076, 0.9897994999804316, 0.8880136468073019, 0.8039898981741809, 0.7297036802992648, 0.6628420407879347, 0.6009701825596975, 0.5404390142363927, 0.4842234293398455, 0.4325628838603181, 0.3837907140486206, 0.3392491617486981, 0.2976761872128674, 0.26340885633051836, 0.23721499026209025, 0.2139754892799266, 0.19301472869227682, 0.1728331312938366, 0.16060002960586922, 0.14478504613925597, 0.1371847499679089, 0.12204414379834647, 0.11398116614258218, 0.1010468468469677, 0.10219916422194697, 0.09598381230257214, 0.08968044655951282, 0.08188986099539897, 0.0806355981346492, 0.07410233105843977, 0.07675470341038278, 0.07039586579843757, 0.06603350878954882, 0.065547198669474, 0.05751217776494109, 0.06311456433662165, 0.06011252393518458, 0.05651454760151827, 0.056248244292679314, 0.05612708233217748, 0.051297720216498754, 0.0536832632826326, 0.048562329361885447, 0.04941911528687323, 0.04779840534261534, 0.04593620709231273, 0.048343647391554515, 0.043784233111157374]
imputation,1,50,0.0,0.7586432
Test loss:2.0619237977094
Train loss:[1.750211225971482, 0.927745641684001, 0.7310303918994531, 0.6398473722463927, 0.569417497869817, 0.5133425481633725, 0.46610197675194265, 0.4253399384013947, 0.3938450148046772, 0.36516800293004786, 0.3407034427759613, 0.31957780950865067, 0.2969654841613909, 0.27975791725201893, 0.26983616842089614, 0.25910367288489616, 0.24067813962414802, 0.23829544097819444, 0.22959677244090243, 0.21547931838972276, 0.2136737620778416, 0.20663003785795683, 0.19977499313290198, 0.19676165165329396, 0.19333394807495882, 0.186294018577576, 0.1813623907800594, 0.18528208025142612, 0.17616234810998668, 0.17627218426811453, 0.17088639153280105, 0.16646327490970927, 0.16882376489788944, 0.16235912799434032, 0.15987089673346483, 0.15850328113162052, 0.1585270689001444, 0.15005247727717066, 0.1592478833029876, 0.15311317039585914, 0.15151659585866106, 0.1557828475496233, 0.14599556216929005, 0.14597768630117006, 0.14729403264175542, 0.14347425105871306, 0.14743695750798685, 0.14794088906925296, 0.1464297256095078, 0.14008928873097765]
imputation,1,50,0.0,0.7467348
Test loss:2.080909291387
Train loss:[1.8069477882016534, 0.9640476552874514, 0.7621668614626139, 0.6557108900103312, 0.58075315582734, 0.5188992128277409, 0.4649453193548206, 0.42147806919248615, 0.38615085449852554, 0.3531296821160575, 0.3281991244332402, 0.3066269424001415, 0.2890422385289302, 0.2720827421054648, 0.2632245109268037, 0.24492844929995952, 0.2377302782376516, 0.2311975803283601, 0.22030880234935377, 0.21435682254291294, 0.20288072018530146, 0.20026561236910215, 0.1940834700526013, 0.1920907069263612, 0.1816318225382647, 0.18062617920108007, 0.1725486472192883, 0.17348881609976502, 0.1651410014603395, 0.17535657868777552, 0.16591200535531472, 0.1597881095591516, 0.15717359428374258, 0.15554905326596236, 0.15711648070920492, 0.1486393177987165, 0.15349877835360737, 0.14543039153007065, 0.15127899318244556, 0.1428192932031346, 0.15129830218587, 0.13943124851087557, 0.14612509753244213, 0.1378996409599072, 0.1409625590678327, 0.13691657949469277, 0.13983655285263624, 0.1390556866382928, 0.1354716382842261, 0.13632674732828357]
imputation,1,100,0.0,0.74051166
Test loss:2.6660560452335096
Train loss:[2.074844506537878, 1.086163747084094, 0.8213218128696806, 0.7043588919416167, 0.6236908144568606, 0.5606261521037513, 0.5100907171141013, 0.4603385371593421, 0.4245020554768383, 0.39517685122114177, 0.36786126559164883, 0.3402643648133678, 0.3252759796049317, 0.3081115779925468, 0.2855284452461139, 0.27398644133144234, 0.2576758345932236, 0.2498654602854295, 0.24196959010338798, 0.23771754277555956, 0.21973042971364642, 0.2191025672839322, 0.210337127538747, 0.2085433539630144, 0.20067217511553595, 0.199362101470307, 0.19005744929932783, 0.18954135375273873, 0.18506517285516086, 0.18249601735231985, 0.18148589636755164, 0.1810561190446771, 0.17279847089079964, 0.1682790023074947, 0.165304652546304, 0.16589074158979916, 0.16718282002994125, 0.15640600040465133, 0.16300618702250985, 0.1554944788300905, 0.1568210965656877, 0.15511360098430724, 0.1605291471679739, 0.15037205264254752, 0.15501697978737483, 0.1492281341088449, 0.15973238275415028, 0.14769699718255572, 0.1423446255228745, 0.1550650874695517, 0.1441439364921826, 0.14119861421804814, 0.1423563454302454, 0.14107827203264955, 0.13878170230423784, 0.14554204763478937, 0.13351361775815182, 0.1412949391314325, 0.12938978124981598, 0.13892997704154414, 0.1336782096491733, 0.13711484047179362, 0.13605289833506953, 0.13467962096783778, 0.13525930907684688, 0.128739749242204, 0.14245934621827988, 0.1356049714996099, 0.12670631820299671, 0.13290295151346085, 0.13163010981698722, 0.13218489349278298, 0.1276769565472268, 0.12935931456373095, 0.13093621933818927, 0.13050309822275896, 0.12270353816052303, 0.1333899279263545, 0.1319026290847456, 0.1290594223639116, 0.1229053625379435, 0.11982856528403203, 0.1208618327349733, 0.12841413485633685, 0.1214126705749063, 0.12114103974913938, 0.12929456627599345, 0.11639529632514187, 0.12415492243260053, 0.12906389966504883, 0.12683003975594212, 0.12203776430483915, 0.12119886769835032, 0.1285352390200063, 0.12372719442782368, 0.11694794626156195, 0.12039735416057835, 0.12577109727277958, 0.11819647747845648, 0.13366509858471007]
first_layer,10,50,0.5,0.19572066
Test loss:2.2029637419827597
Train loss:[2.257373247671565, 2.241273632524523, 2.240257852303508, 2.239751976408152, 2.2392733247064514, 2.2390207920391103, 2.238754822417293, 2.238734642247958, 2.238413010168513, 2.238418703258376, 2.2381033501597978, 2.2379783329978267, 2.2378762574527085, 2.2377834673165338, 2.237760402376134, 2.2376564151077303, 2.23759486093017, 2.2375156942961674, 2.237495151447281, 2.237467147940473, 2.2374521351735526, 2.2374102074592694, 2.237375567916597, 2.2373390101928177, 2.2372597103402208, 2.2372495036502236, 2.237240327607601, 2.23722396744761, 2.237180959610712, 2.23717942733648, 2.2371415183657692, 2.237162073505347, 2.2371153940848254, 2.2371318774642046, 2.237122401445388, 2.2371570159900442, 2.2371468337772713, 2.2371105970696834, 2.2371181035573016, 2.2371149821383507, 2.237134733070917, 2.2370939133936996, 2.2371170940540823, 2.237216811765485, 2.2370861051591944, 2.2372115855135735, 2.2370615320051535, 2.237024113412193, 2.237018389387285, 2.233100179503088]
first_layer,10,100,0.5,0.6943377
Test loss:1.9390430212229497
Train loss:[2.1413933161097667, 1.142053935974641, 0.9102534753050331, 0.8238345152324544, 0.7664582534042599, 0.7229844244378475, 0.6894956950786698, 0.6586070101547054, 0.6317323143758748, 0.608140481301482, 0.5833457392921558, 0.5687888735647335, 0.5527396040381485, 0.5315074479901515, 0.5193017659234449, 0.5081532858360954, 0.4924972373658572, 0.4864594262872866, 0.4699271037855644, 0.4640318120297984, 0.4566761627858411, 0.4404055067790081, 0.43554664717465574, 0.42370480217947715, 0.4221132967202827, 0.4097220629840998, 0.4063649368454088, 0.400509515858604, 0.3933840362316867, 0.3869523243403307, 0.38336387458112936, 0.37905622455350446, 0.37157366616027276, 0.3733251222810887, 0.360201147839414, 0.35486939637126325, 0.3542675623135595, 0.3533220349653559, 0.351414450261597, 0.34544317676962827, 0.3426816855228106, 0.3421461570323614, 0.33730820439635484, 0.32933232765856363, 0.3285554968676696, 0.32423069852198017, 0.33109190243236514, 0.3196380801271857, 0.31575540928235185, 0.313995660586399, 0.31167300848283, 0.3108284698564082, 0.3109854161655941, 0.3049254748496675, 0.30391490531539284, 0.2986960920113411, 0.2964514040641646, 0.3004995933888491, 0.29174269576035783, 0.28971058009383577, 0.2947097164420057, 0.289748116982462, 0.28684920340519304, 0.288683690504623, 0.283639366255545, 0.28768822905766606, 0.2740367558175904, 0.27713160782600005, 0.28021086348068536, 0.2691889830416698, 0.2732201387813618, 0.275748434077823, 0.26263926651120484, 0.2670677715219564, 0.2647323416604576, 0.26917876029475, 0.26151527301194744, 0.26415132978188943, 0.2619282125289702, 0.2614377493855766, 0.25513350958221864, 0.2562130390434103, 0.25547161690366743, 0.2495144322226064, 0.25427389685743007, 0.25367317640031584, 0.2468055083074429, 0.24332492016626106, 0.24827502667537718, 0.2449923795064571, 0.23680511355040412, 0.24820060452070802, 0.24490039458643, 0.2391417322205284, 0.24170690611824264, 0.24584418803857466, 0.2306694440810049, 0.2346468184071289, 0.2371718036271766, 0.23977438981334367]
first_layer,10,100,1.5,0.6889597
Test loss:1.8874226279458042
Train loss:[2.255853016337957, 2.2312013092078513, 1.3986017559750625, 0.9949692134880093, 0.8801386319507726, 0.8170630390295663, 0.7657511095231982, 0.7344333888688636, 0.7033336724892304, 0.6810701984461347, 0.6586101303009708, 0.6340625183115677, 0.6107368960475338, 0.5913953429007437, 0.5746875764137275, 0.5635997198876881, 0.5470345703182704, 0.532244746283172, 0.5272549919836148, 0.5096681892852327, 0.5029435518928859, 0.48907370656539956, 0.48191415922136066, 0.47307540375906965, 0.46159549267672073, 0.45547681742389684, 0.4467168394972555, 0.43792623250556856, 0.4297460505186327, 0.4272207329680353, 0.4218134597365371, 0.40967730096756577, 0.4008695048403342, 0.4022797479568063, 0.3930145388541523, 0.39249877183783155, 0.3835664314253263, 0.38152401204525693, 0.3756552200720476, 0.3665556438143543, 0.365430854645209, 0.3609651287793039, 0.35698050496202205, 0.3573383469990621, 0.3507925386037295, 0.34829884543998657, 0.3401658909131686, 0.34136435764163486, 0.3335450770424548, 0.33221810672988783, 0.3294339172270307, 0.32999125495919196, 0.3216983027635781, 0.32299350827807044, 0.3238391279047229, 0.31131013261879337, 0.3173735175548669, 0.3093863653691218, 0.30155263882612116, 0.30219675758637915, 0.30133020013689593, 0.29767417122580214, 0.29834158911034886, 0.2933989813125722, 0.2935282597005003, 0.28695788354254437, 0.28746147114263143, 0.2862846926303256, 0.28697255803029026, 0.2796626714242939, 0.2848386696213104, 0.2728850015346734, 0.27893080840854795, 0.27652442372493957, 0.2715147260890589, 0.27256685308786577, 0.27283466751475655, 0.26953637711996725, 0.2647323015749344, 0.2667572150019503, 0.2664123800068088, 0.26023600059722146, 0.26236099585347195, 0.2626538425120462, 0.2579207057490344, 0.25114131586814553, 0.2625730351205995, 0.24971164210690142, 0.2529148556727, 0.2571159209252501, 0.2478526295030505, 0.24480715588991586, 0.24708210032326672, 0.2457103601759792, 0.2466860611838817, 0.24427679188717555, 0.2447854798954825, 0.23877731701039762, 0.23750234764956699, 0.2446142167860765]
first_layer,10,100,0.0,0.6793178
Test loss:2.050028205668683
Train loss:[2.252707157659968, 1.4944583861106033, 1.0433425537203533, 0.9240443192490744, 0.8514171242713928, 0.8085453604677975, 0.7711329990375402, 0.7342526716090227, 0.706698407517895, 0.6784692668222142, 0.6526880615458784, 0.6314304315982661, 0.6143285427722622, 0.5935482663188297, 0.5785245503880354, 0.5637308655769714, 0.5473386533281698, 0.5354002670540774, 0.5226514268814606, 0.5116352040032571, 0.4994974600768808, 0.4868385185324414, 0.476910469457084, 0.4710361300945256, 0.4623767773984118, 0.4576013306893861, 0.4510687853304475, 0.43985586225670753, 0.43195114501207976, 0.42567449810887437, 0.41999332570988, 0.4148518059625668, 0.40853538804729467, 0.40704103117233387, 0.4035793850096671, 0.3944346731949342, 0.3847308830376804, 0.3778792292558311, 0.37762051467389496, 0.37113806344617556, 0.3706777994502653, 0.3636687915225368, 0.3619076158829414, 0.3574946537781092, 0.36248406708238884, 0.3505960157687921, 0.3456818797849786, 0.34258154501618515, 0.3370786405670143, 0.33747061390052163, 0.3370661214335796, 0.32854410819017626, 0.33635851435156605, 0.3239013963208488, 0.32572577572673844, 0.31723052333200624, 0.3227425975974872, 0.31760259160455423, 0.3139170282971978, 0.3140396475157216, 0.30765628687164254, 0.3079952894286454, 0.3089278916333582, 0.3007507859232851, 0.30399219674949707, 0.29947963924919835, 0.2973271522187014, 0.2940197852265225, 0.2934011717708582, 0.2881305316440125, 0.2923757061636903, 0.27910945544887195, 0.28865206221182854, 0.279828074392885, 0.2831528667362985, 0.28090816666453494, 0.27888494555896587, 0.2730379595745529, 0.27141955522664724, 0.27091410769700563, 0.2726011054899361, 0.2665182882719016, 0.265111413515156, 0.2690231298713291, 0.2660182426281211, 0.258284431751496, 0.264911917355823, 0.26624325953070815, 0.2608935870000317, 0.2508143635109464, 0.260367139631556, 0.2542852437607423, 0.25308521209161994, 0.2468453959104971, 0.2534053290464015, 0.2489456869842356, 0.2511667313758901, 0.24193785130020878, 0.24256644326115906, 0.2426096394265918]
first_layer,5,50,0.5,0.6848878
Test loss:1.3068962773761765
Train loss:[2.2550101309897546, 2.101460500698831, 1.2190348758297542, 1.0051386378227023, 0.9144555143572556, 0.8677107427202494, 0.8252004010610156, 0.8004941055482003, 0.7700340919824811, 0.7468846319882095, 0.7266307764891299, 0.7088551671745059, 0.6866951900741428, 0.6687336440375925, 0.6596526203196139, 0.6428368361093114, 0.63055635032408, 0.6192087842458301, 0.6104035964890722, 0.5983946625356489, 0.5915628679523097, 0.583135136562229, 0.5707654922113454, 0.5643254429062885, 0.5622414400342929, 0.5581665738095566, 0.5428912625003194, 0.5434437313207818, 0.5326519715487826, 0.5325881702188271, 0.5210355013062101, 0.5204826669597428, 0.5122100378994131, 0.5045263692386719, 0.502402403508669, 0.49697848964708763, 0.49382145216467993, 0.49115390987076474, 0.48659947406632403, 0.4792356712059287, 0.47425141098614915, 0.4731144956583641, 0.4683295852358605, 0.4682886137705591, 0.46178159082382464, 0.46362923821226876, 0.45642357856334687, 0.45568893684579614, 0.44934095737600416, 0.4420545375509234]
first_layer,5,100,0.5,0.1958743
Test loss:2.2253608537658125
Train loss:[2.252198724050926, 2.2427861392628214, 2.2423284287117307, 2.242106399873606, 2.2418924431032154, 2.2416858982446155, 2.2414840428055296, 2.241290820952116, 2.2411022579998052, 2.2409211951814503, 2.240978681869307, 2.2405657519310935, 2.2403989346488795, 2.240238647369278, 2.2400823625845385, 2.2399282201297837, 2.239782569813593, 2.2396383405304623, 2.2395039142193673, 2.239380249137595, 2.2392604879126794, 2.2391498365898017, 2.239041878907323, 2.238940845258687, 2.2388439586767728, 2.2387559469113865, 2.238673414398667, 2.2385935063651683, 2.2385218094508685, 2.2384522153905198, 2.238385871697222, 2.238318764106214, 2.2382568112102956, 2.238200221638744, 2.238144423566879, 2.238089247633141, 2.238034782163854, 2.2379811221514796, 2.2379284494565845, 2.237877193420097, 2.237826869392978, 2.2377782915814466, 2.237734893150546, 2.237692793262427, 2.237650391210787, 2.2376109581943577, 2.23757502167128, 2.2375402674502083, 2.2375027351162746, 2.237472811345192, 2.23744533362999, 2.2374185288822144, 2.2373920403593437, 2.237364769606884, 2.2373405388215057, 2.237321299306687, 2.2373054020266285, 2.2372901992747853, 2.2372752637933986, 2.2372586126148364, 2.237245916434905, 2.237233450340881, 2.237221145796536, 2.237208949056136, 2.2371962269407635, 2.2371827449898576, 2.237172696724788, 2.237162886565822, 2.2371532405604957, 2.2371437476680183, 2.2371344177834382, 2.2371252284085403, 2.2371161788142158, 2.2371072557723486, 2.2370984508461076, 2.237089755494504, 2.237081138261701, 2.2370725883152245, 2.237064064720824, 2.237055538314146, 2.2370459120989157, 2.237036171309445, 2.237029376744495, 2.2370227038365567, 2.237016067279901, 2.237009435827006, 2.237002557414544, 2.2369916231781177, 2.2369863651578945, 2.236981310975661, 2.2369763311625257, 2.2369714072824514, 2.2369665315235583, 2.236961712947627, 2.236956930722978, 2.236952190994956, 2.2369475007421746, 2.2369428336125576, 2.2369381900227396, 2.2369335682020273]
last_layer,10,50,0.5,0.65830517
Test loss:2.104192943934798
Train loss:[2.005033087240863, 1.119684475147344, 0.9317449898295863, 0.8479915370309441, 0.7860325811444645, 0.7403583291083145, 0.7072336599068019, 0.6718718281618733, 0.6464571659158234, 0.6215805360626685, 0.5993290977375952, 0.5815058105107268, 0.5659870248289544, 0.5471027338671445, 0.5252977101146107, 0.5191602180551211, 0.509081853844157, 0.4947476423739762, 0.4814130139710889, 0.4700516157125661, 0.4557769692093199, 0.45114210673740934, 0.43492075116216955, 0.43600442688936564, 0.42315889770297727, 0.4168635499824364, 0.4107181913857769, 0.4042600682749856, 0.39327313828694216, 0.3839566916542257, 0.38463553107539317, 0.381588114826916, 0.36621567734153826, 0.36805234045236196, 0.35817527147184924, 0.355429891043645, 0.3528381998662122, 0.3410056531388604, 0.33861390621063264, 0.33527003489924995, 0.32995100833382823, 0.3207929935167975, 0.32056599687711673, 0.317931846925861, 0.3158783460523756, 0.3091493597654516, 0.30684399779791616, 0.2972227986442237, 0.29781622206690517, 0.2983074195148174]
last_layer,10,100,0.5,0.6483943
Test loss:2.6046525788176926
Train loss:[1.8207872167535617, 1.0799152526000328, 0.9220763183462927, 0.8441345554061621, 0.7878082637744681, 0.741485539047465, 0.7072301209493723, 0.6762721304057102, 0.6443690149778359, 0.6192856573443998, 0.6008577643197507, 0.5775636095324163, 0.5623752802053801, 0.5446690505849789, 0.5307334567415709, 0.514768117538325, 0.5055929651803692, 0.49189792200922966, 0.4817720615398993, 0.4640293892907518, 0.46263129537206593, 0.4500342278715667, 0.4418313102190439, 0.43430426827472807, 0.419925625330629, 0.40721502896461775, 0.40844495976144385, 0.4032016511532112, 0.39038100767133666, 0.3849353128576276, 0.3790831288038812, 0.3692959424160346, 0.3668712082352732, 0.361002306145884, 0.3573217829953848, 0.352552963301943, 0.3450657010823814, 0.33797096270683774, 0.3363212405204734, 0.33672317791267964, 0.3263647082966031, 0.3215315519148942, 0.32003304145151207, 0.30932149584635005, 0.3054608687402029, 0.3039665938425824, 0.30156084247846476, 0.29705152712585775, 0.2968131460606655, 0.2946018133147275, 0.2841453973961487, 0.28488472937095655, 0.28380767258778034, 0.2721273308514478, 0.2728028341599074, 0.27184768742891885, 0.27305808100424617, 0.26806526830645305, 0.2598135731032044, 0.26036304509194585, 0.254390213009169, 0.2598197219662235, 0.25184640132445946, 0.25068226284170486, 0.24673866772049344, 0.24705174804208235, 0.24133897837373078, 0.24116651653820986, 0.2378480825396218, 0.2391323494842311, 0.23278807524010675, 0.23628407903076643, 0.2278258059767444, 0.2291112611788119, 0.23270854875734243, 0.22583594339459895, 0.22176675198679238, 0.2280340408509135, 0.21920104945694288, 0.21998233679482548, 0.21693683485958243, 0.20984360752816447, 0.21345317269162373, 0.21253392684918104, 0.20557738728757197, 0.20896509182155246, 0.20620865921767378, 0.20187646161452386, 0.2041630393320649, 0.2034131036118257, 0.1962425654750279, 0.19753378077273656, 0.20265145863175157, 0.1916880226053636, 0.2004540213865365, 0.1922715064015605, 0.19138996700958466, 0.19240745566682094, 0.18429731214545136, 0.18409036225567063]
last_layer,10,100,1.5,0.6415181
Test loss:2.7532974483616512
Train loss:[2.070281485117591, 1.1586992164244554, 0.948724719909353, 0.8550574629457303, 0.7899296354744934, 0.747631540330751, 0.7083157992495778, 0.6726623469041705, 0.6469768983222033, 0.6244781124586619, 0.6008307874209238, 0.5845382389424929, 0.5643582438936969, 0.5480742708154515, 0.5363880865676218, 0.5218920148339475, 0.5094725516046589, 0.49723355745991904, 0.48419331498004664, 0.4747497510846888, 0.4710471871174309, 0.4594870278780223, 0.4450233606401914, 0.4400018653614701, 0.42811627810444175, 0.4206916697538149, 0.4114168792004445, 0.40871849734956206, 0.4040242986840653, 0.40039123183172465, 0.39023646142035917, 0.3814455998240404, 0.3760788738817081, 0.3750324282704052, 0.3704823848594903, 0.3621265496529701, 0.3611161868157522, 0.3553466660769265, 0.3492037399036036, 0.3426411499465824, 0.3420957143553978, 0.33442059093610255, 0.3329611670035851, 0.32816673081015046, 0.32596197782972136, 0.31996742122354577, 0.3154353553192448, 0.316328134113502, 0.30607421041330807, 0.30467422631829194, 0.30608320625584534, 0.2990799636407945, 0.2948066766563821, 0.2915772547293983, 0.29421900457211486, 0.286347298269547, 0.2868730243097693, 0.2848674392058319, 0.2810481078521983, 0.2744724310988657, 0.2677359030197113, 0.2707834439754955, 0.26681332435200944, 0.2659870203541813, 0.26320196068737867, 0.2616664826866506, 0.2615267505809053, 0.2565099040981929, 0.25891523689008, 0.25575074989571617, 0.2518337631015072, 0.2432296618225412, 0.24659689367088042, 0.2442516328875983, 0.24416221399633267, 0.2353544567343486, 0.24068278918303582, 0.23879218214315998, 0.22971752809210896, 0.23166275405070297, 0.22214686136507433, 0.2352412071322069, 0.22880897342936166, 0.22501065361392047, 0.21612847569739232, 0.2273904008441147, 0.21652296841823626, 0.21713172541906858, 0.21327619303962603, 0.21453631160132441, 0.21613168546341724, 0.20527034100580857, 0.21070794409122431, 0.20671140384292144, 0.20286804851371992, 0.20424761156694554, 0.20590714538198732, 0.19923480187487605, 0.2031418067148743, 0.19780138152858584]
last_layer,10,100,0.0,0.1958743
Test loss:2.2256963837894106
Train loss:[2.25781977520389, 2.2427053557779653, 2.2425069640223354, 2.2422782776917156, 2.242201059757231, 2.241858149939304, 2.2416523655932665, 2.2414486692065285, 2.241253630986845, 2.2410621387878327, 2.240880412376307, 2.2407015323013963, 2.240523305299658, 2.2403465890113625, 2.2401717829881354, 2.2400084359513563, 2.2398478369256614, 2.2396947777182734, 2.2395479116652304, 2.239408143903033, 2.2392814290632894, 2.2391642776312604, 2.2390528623065142, 2.2389520763465547, 2.238855703369714, 2.238763172900432, 2.2386713871637145, 2.238580089304946, 2.2384940959210478, 2.2384192186341427, 2.2383490955532768, 2.2382823209566753, 2.238230363829993, 2.2381791135222175, 2.238132081317193, 2.238085823321561, 2.2380397140641253, 2.23799568682896, 2.237954612484453, 2.2379116850578407, 2.237873871600383, 2.2378371644092994, 2.237801190805831, 2.237766227851324, 2.237732721552051, 2.2377009113681736, 2.2376738530988516, 2.2376495984611995, 2.237625770768832, 2.2376023453362075, 2.237579313726496, 2.237555849442788, 2.237531812392035, 2.2375115831640935, 2.237491733489364, 2.2374721784787495, 2.2374528773021574, 2.2374322924774357, 2.237411002187866, 2.237390262271286, 2.2373769944700523, 2.2373640696624317, 2.237351350463494, 2.2373388073964118, 2.2373264301495035, 2.2373141906000007, 2.237302097393051, 2.2372901045947993, 2.237278194810793, 2.2372647319208747, 2.237251089774349, 2.237237068178769, 2.237227966088611, 2.237219818089403, 2.2372118254945286, 2.2372039550774585, 2.237196204234232, 2.2371885734856414, 2.2371810615817864, 2.2371736634189046, 2.237166383163332, 2.2371592058162597, 2.237152141793527, 2.2371451886994915, 2.237138336743263, 2.237131586758108, 2.237124935098484, 2.2371183800978556, 2.237111919152263, 2.2371055467413106, 2.237099261823415, 2.2370930588781808, 2.2370869342600637, 2.237080877032432, 2.237074898236076, 2.237068979018325, 2.2370631075051217, 2.2370572841130993, 2.237051493218498, 2.237045719093399]
last_layer,5,50,0.5,0.6462815
Test loss:1.7561625803986283
Train loss:[2.2289227797715307, 1.3629334303894227, 1.060251428798173, 0.9589823130477512, 0.9038021937435816, 0.8616413705119299, 0.8240601627547546, 0.7959034084401416, 0.7760525318395628, 0.747891111645234, 0.7303062812431299, 0.7094855604993563, 0.6918704733870966, 0.6770377076638219, 0.6642126095456398, 0.6533486717858654, 0.6357315897049733, 0.6255627870917737, 0.6201476438622799, 0.6088670497217413, 0.5939074904149722, 0.592131675028577, 0.5762940132042476, 0.5706403126924671, 0.5625382747229346, 0.5586881103338295, 0.5492115303249065, 0.5462388642923235, 0.5355023457988114, 0.5217400822493904, 0.5267787441178382, 0.5174441362290519, 0.518715901226261, 0.506791508359881, 0.5051489415395046, 0.49542081819716216, 0.488433240620316, 0.4834215504842757, 0.48621102183236986, 0.4778596649752818, 0.47172322272994, 0.4654225624052913, 0.4656348307045358, 0.4564146108415943, 0.4517794897061292, 0.45731670735749735, 0.44540586910064484, 0.4455099539548914, 0.43721775734832113, 0.4397435486316681]
last_layer,5,100,0.5,0.62507683
Test loss:2.225092923071182
Train loss:[2.0242020350035856, 1.2188745060306598, 1.0354218342227153, 0.9463958181424555, 0.892711522564611, 0.8530082217714264, 0.8209436057748207, 0.7870586628200915, 0.7646961664400959, 0.7399085332936937, 0.7232252779734505, 0.7070773237166367, 0.6908597288667088, 0.6782518192481245, 0.6571444370383099, 0.6490981898983789, 0.6383696547784676, 0.6231264225738233, 0.6149844051305776, 0.6014009043671982, 0.5912589516349107, 0.5878327538244273, 0.5787078610325599, 0.5722138293839376, 0.562519003875967, 0.5490440171083387, 0.5493390965684369, 0.5372975821407042, 0.5336267125966534, 0.5286726536104751, 0.5181098704243811, 0.5116763310779542, 0.5097302487482146, 0.5072672926605581, 0.4969708605585217, 0.4898900423555355, 0.48452674482276525, 0.4904523509240869, 0.4807028325316087, 0.4766688742941386, 0.4657034501620532, 0.4697983961108081, 0.46014931578923124, 0.45909930862463577, 0.45551688436706833, 0.4504754380166348, 0.44375342928937506, 0.4450296876169237, 0.43653381249288403, 0.43519440288266903, 0.43834332119251973, 0.43092452672701986, 0.41958717758534986, 0.4227547611505796, 0.41922694583317244, 0.4164030603908227, 0.41242748735551493, 0.4103977823684496, 0.40651212800692893, 0.403076754237231, 0.40055680620232204, 0.39802342912287186, 0.3951862614264963, 0.39463265967917865, 0.39098097912742613, 0.39235103032041085, 0.3777783797551785, 0.3812667818055657, 0.3762702044224071, 0.3782869369660652, 0.3773569746521518, 0.3740002785086332, 0.3690960859341157, 0.3713364869933095, 0.3680400770253597, 0.36477784362372195, 0.3588598997492055, 0.3589558728206488, 0.36287897359010185, 0.3587587782635051, 0.35180253114725446, 0.34602805167801154, 0.35193476573409094, 0.3477636461234466, 0.344550785455607, 0.35098931143754447, 0.3389444310600959, 0.3348326057534585, 0.3324374557637954, 0.34091049144833846, 0.32590206412703465, 0.3278927623112017, 0.3326678753498081, 0.32568528653008966, 0.32469718938456604, 0.3259928160745369, 0.3185788162326047, 0.325534127383298, 0.3191437132073938, 0.3152656668490763]
different_cost,10,50,0.5,0.5401198
Test loss:2.150224480083874
Train loss:[2.2619091635866946, 1.9686368982986677, 1.3077291127061572, 1.166849449478731, 1.095480116695335, 1.0463986984763722, 1.0033132459019511, 0.9693143951965764, 0.9354077771195369, 0.9086430466763574, 0.8802693391820133, 0.8573285978451833, 0.8370613562404563, 0.8157180725304306, 0.7962951711779758, 0.7778106564619282, 0.7644168588728715, 0.7498452503408288, 0.7337632588798065, 0.722113382469988, 0.7107164505047275, 0.6972589330571143, 0.683341286630545, 0.6737206001672853, 0.6626856115875728, 0.6525357727949251, 0.6424209729533572, 0.6351625230204022, 0.6253969683338326, 0.6175234923004947, 0.6073637450038215, 0.6011801456626507, 0.5939890908499689, 0.58616134159791, 0.5777769164585452, 0.5721946801093531, 0.5644702048619901, 0.5580990081754716, 0.5501655372776751, 0.5413382384924453, 0.5334337645154584, 0.5299375673707993, 0.5225269273086217, 0.5169465060106997, 0.5124782207961059, 0.505304318476369, 0.5046534954056359, 0.49346583651019893, 0.4862095650208991, 0.4832295830194322]
different_cost,10,100,0.5,0.5047096
Test loss:2.8614929550942567
Train loss:[2.2662697908606475, 2.0937181979925574, 1.3761091912974952, 1.2057568641040146, 1.129368871788939, 1.077715028043187, 1.0366399015022085, 0.9999123489351551, 0.9682205343621431, 0.9368586194676674, 0.9106168883395747, 0.8874586161930731, 0.8658795649370495, 0.8439542850769988, 0.8260746565694214, 0.8073314866445741, 0.7940409300745497, 0.7767856256338955, 0.764851243364962, 0.7472037224920102, 0.7361503282896344, 0.7228813635477492, 0.7099642361639993, 0.7016646302569219, 0.6885270317629885, 0.6810000513762874, 0.6686264615149516, 0.6580254341796685, 0.6498246880410122, 0.6432535800156817, 0.6326474052698865, 0.6235686354290298, 0.6137182200941887, 0.6067775685345048, 0.5980770533661126, 0.5931978259689686, 0.5872838091855489, 0.5767253056988804, 0.5720892325466822, 0.563427370258063, 0.5556279434425803, 0.5497956498969117, 0.5462576311265552, 0.5389603034683896, 0.5342456916662063, 0.5260843936599671, 0.5231378335699394, 0.5164651871704025, 0.5127599311088463, 0.5053706892931654, 0.5033111951434753, 0.5022805870139166, 0.4942503588696451, 0.4872837977190109, 0.4835026784592083, 0.4783570406809547, 0.4781787531501656, 0.4753331662350578, 0.46920438950931, 0.4651067422897392, 0.4582469714890926, 0.45548932103610235, 0.45050862658070706, 0.4473550342619029, 0.4415453640217602, 0.4399723287504175, 0.4391446912318611, 0.432365517234922, 0.432170750556189, 0.425962513066135, 0.4237221543147815, 0.4203605815514356, 0.4176380301424123, 0.4125937936333602, 0.41295314014817286, 0.40621044220831676, 0.4022448848739312, 0.39730603102059175, 0.401632198503232, 0.39427324320653895, 0.3908996259335505, 0.3858591042794271, 0.3870087635079655, 0.3826508480760925, 0.37788065007976074, 0.37687830089897817, 0.37511994442164037, 0.3709461487253559, 0.3685880917949987, 0.3617502046482904, 0.36551310853074864, 0.3618563038682302, 0.3693554756919621, 0.37296148917205263, 0.37054264236057677, 0.36260081617045264, 0.3589736986246209, 0.3612746804522968, 0.3570276395156947, 0.34940764290724535]
different_cost,10,100,1.5,0.45308468
Test loss:3.222293534794247
Train loss:[2.070507721642627, 1.3351505954435372, 1.1673895322167234, 1.0932014439240352, 1.0385446391573323, 0.9933636563998114, 0.9556828192770872, 0.9222031629543838, 0.8900606818676203, 0.8631506574992375, 0.8358123221867154, 0.8142871916515434, 0.7944845194481199, 0.7739208704027457, 0.7579409423198383, 0.7399072416448969, 0.7201442962952606, 0.7069161767363809, 0.6929499605054572, 0.6770239799902292, 0.66825278793401, 0.6538669992907176, 0.6413197553069272, 0.6316161284694353, 0.621933133933366, 0.6072429243382432, 0.5968906687415547, 0.5894435755729467, 0.5778084475564977, 0.5692296841549217, 0.5608692442800551, 0.5497089828880868, 0.5410282732410273, 0.5352959090012971, 0.528384022632766, 0.5190179100225147, 0.5137397477744239, 0.5056127036057898, 0.4999260397073794, 0.49271771051689445, 0.4867060869385343, 0.4769254289128052, 0.4753786374083665, 0.46599707296773196, 0.46071308067775596, 0.4530680644565558, 0.451638337252389, 0.4464169983007909, 0.43746274227968934, 0.4341042121394642, 0.43108947466376984, 0.4256159858562479, 0.42091256166556457, 0.4168500483309457, 0.4122541182853083, 0.4102484835364663, 0.40383279773411973, 0.3995297838111484, 0.39810768753459436, 0.39270209802608397, 0.3872112942873364, 0.3875678375252682, 0.3836728343833685, 0.379385424462949, 0.37255001252345404, 0.3717931197681975, 0.3692392927719392, 0.36988725878425227, 0.3649135470592127, 0.3600250678084052, 0.35772602511720397, 0.3475790555434698, 0.34739132498603764, 0.3469174961372722, 0.3444770318047091, 0.3425738272961439, 0.3387375452298168, 0.3367864934409378, 0.33472334623805505, 0.3304357470878611, 0.326351684128785, 0.32370787136038615, 0.32891402100308487, 0.3256189051792579, 0.3228135315148838, 0.31694576951771547, 0.3197686795524475, 0.31628425976903535, 0.3155302595771937, 0.3140715600986989, 0.3072084577069787, 0.31296961196824785, 0.31257059863231856, 0.35816218130463023, 0.3207876560351066, 0.3175684355130983, 0.3101245343112279, 0.30558369363393256, 0.30256227537820357, 0.29947433616297114]
different_cost,10,100,0.0,0.45230103
Test loss:3.546180360461567
Train loss:[1.9928145752613489, 1.2953431300067026, 1.1519453230774939, 1.0796108457030766, 1.0266151704502815, 0.9858621727071406, 0.9473673589055639, 0.9173799395665376, 0.885848791500844, 0.8613801281386559, 0.8364227520372733, 0.8146953034109297, 0.7937158509835035, 0.7740734516402529, 0.7571637922887356, 0.7383582152396948, 0.7254896579532448, 0.707734909886718, 0.6940988019831371, 0.682085711696149, 0.6702624507193068, 0.6572692013818033, 0.6452288033465935, 0.6333688314550044, 0.621685438037127, 0.612898498246273, 0.6022146623850181, 0.591449893330736, 0.5805078138816612, 0.5754800634503416, 0.5642920935737248, 0.5547880106302472, 0.5485324949325563, 0.5407159506180964, 0.5310767322791722, 0.521802308388598, 0.51335461514519, 0.5107994004856191, 0.5017212825673097, 0.49458934135438837, 0.4875540849018326, 0.4855701788680529, 0.47618280902224996, 0.47292478116658015, 0.46641498619862237, 0.4574808802646078, 0.454190347260682, 0.44925736546737755, 0.44216624344994065, 0.4371677633747621, 0.43047153321532194, 0.42400871871658524, 0.4250154620847779, 0.41979052629297403, 0.4130620767536149, 0.4093009108403277, 0.4047700890863551, 0.4007723870568788, 0.3938125488883338, 0.38796034456275863, 0.3867050403425557, 0.3792995182042978, 0.3767542636950446, 0.3716820205381574, 0.36932629663554173, 0.3679299293783306, 0.3575449357840264, 0.35401485187875076, 0.35441514422938836, 0.35106816619647646, 0.34855216089595403, 0.34233294684861415, 0.3395458921796633, 0.33485165299573494, 0.33630068801170926, 0.33301533369022773, 0.32853354290681097, 0.32520998796133194, 0.3218585682040924, 0.32237069588032496, 0.3181572613945534, 0.3148963163062025, 0.3143653704179797, 0.3124444617707951, 0.3045522486762534, 0.3112726059020894, 0.3065821308009538, 0.30284987139084707, 0.3076229796379922, 0.30479242694969, 0.3034332192109474, 0.30003119138988565, 0.293815926160027, 0.2937919303446084, 0.2897296578364179, 0.29225373975102586, 0.286953152056056, 0.2858155118964707, 0.28480668479715854, 0.2872166286140042]
different_cost,5,50,0.5,0.53927475
Test loss:2.0535578514402166
Train loss:[2.090689053802107, 1.3613899069459432, 1.2072350796834512, 1.1376381674516978, 1.0884239940260008, 1.0518904265200222, 1.020200206612124, 0.9879892966459807, 0.961483259631224, 0.9385011394818624, 0.9188883902334969, 0.8979158261526407, 0.8796331360513021, 0.862790335521473, 0.8444107017138474, 0.830100820724909, 0.8152184728948035, 0.802675179450363, 0.7895381943778004, 0.7768293534462084, 0.7655036331798479, 0.7564428877419079, 0.7443893876800687, 0.735158203124948, 0.7269233908779291, 0.7177803886540856, 0.7072926024231342, 0.6976073610048307, 0.6911106286493125, 0.6806124516869799, 0.6740783219672853, 0.6657052641875257, 0.6557893486015658, 0.6519042683928853, 0.6447638625750223, 0.6382584699920663, 0.6291752272477156, 0.6250794070446111, 0.6161195475912449, 0.6072943220627053, 0.6031389038711982, 0.5951556393989781, 0.5922199392902012, 0.585355189219996, 0.580457363754524, 0.574222781538781, 0.5649529415259668, 0.5620178424827705, 0.5532353548809086, 0.5513482444759746]
different_cost,5,100,0.5,0.48594037
Test loss:2.7819376320065965
Train loss:[2.2552134417300143, 1.5665086520817042, 1.271950802411404, 1.1710726482579676, 1.1097504220164045, 1.06254549096015, 1.028350179218319, 0.9976452287366266, 0.9682411225980523, 0.9451764013346442, 0.9236150150374066, 0.9062454331749232, 0.8826608731919576, 0.8697918990180189, 0.8498391804865949, 0.83565044349695, 0.8208891227027639, 0.8067990565674958, 0.7960340284387218, 0.7813654710120017, 0.7730361850905387, 0.7585287975166083, 0.7470249941889091, 0.7382973119479801, 0.7267909693491412, 0.7206262948732806, 0.706179105139237, 0.7025900057318847, 0.6892799471874016, 0.6821593049443304, 0.6777396862061068, 0.6712770428770544, 0.6591935788845589, 0.6501143950856685, 0.6470935827144737, 0.6404446309872619, 0.6324316393461953, 0.6276515941658412, 0.6228731598146829, 0.6162770608982805, 0.6053157533657713, 0.5999519220862966, 0.5971195521235935, 0.5919634303889352, 0.582704440836643, 0.5806633727148975, 0.5739021704753136, 0.5677928269013612, 0.5636358400159863, 0.5575553761878979, 0.5544258609589868, 0.5530954186620282, 0.5451814845503808, 0.5384244385011439, 0.5339933233510568, 0.5317168811774764, 0.5263041446092036, 0.518823495392666, 0.5173531287639044, 0.5127642431559652, 0.5122403359409241, 0.505064071266346, 0.4995237015523, 0.49363051249099227, 0.4963791636646757, 0.4890758362059616, 0.4835148178538989, 0.4839556465025498, 0.47860442357794486, 0.4749780477082797, 0.46849530913153814, 0.46312523588974336, 0.4639325303124413, 0.4614475032826499, 0.45133300250588987, 0.45579019016205824, 0.44868679164655345, 0.4462883402754147, 0.4412302104353436, 0.4390512837748852, 0.43397899581035604, 0.4350489619264909, 0.4311270390752363, 0.42139064234812845, 0.4219421960280003, 0.4205321190677756, 0.41547810122885004, 0.41594386041203457, 0.412334321907328, 0.40828505542833976, 0.4075224187994899, 0.4039103802457914, 0.39882445990935117, 0.3943591803986076, 0.3960285570737757, 0.3913821745069853, 0.39036069135639334, 0.3874934513110451, 0.3839626669812119, 0.38439167429261356]
