theirs,1,100,0.0,0.8479
Test loss:[1.7798647616184355, 0.9102715480730059, 0.7669280236619455, 0.69601331063144, 0.6466829590282562, 0.6185296696368974, 0.592573151599542, 0.5790758679368304, 0.5616603746784719, 0.5450568961562877, 0.5436846274401173, 0.5323893553094897, 0.5346775518099282, 0.5265834077550868, 0.5196382590635692, 0.5139619438313772, 0.5098663833386962, 0.5076567299221669, 0.501233222320832, 0.4981840331458657, 0.507160166471468, 0.49286420480266857, 0.5075767537420648, 0.48243609965021034, 0.4879721272931943, 0.48132709732086193, 0.4715607877781699, 0.46699485172353883, 0.46394325791054747, 0.45425601338271626, 0.4545575383968209, 0.46465455064153227, 0.4515803729002911, 0.4457206340838436, 0.4465021984228849, 0.4460932871151165, 0.4591604834021317, 0.4424816148834817, 0.44599541711238266, 0.44844166538976266, 0.4475119179147225, 0.4447723333230535, 0.45326414805369686, 0.4548663366434183, 0.45335467604701263, 0.46725667209925004, 0.44503117455939334, 0.45004225868354436, 0.4452524016393355, 0.4371459082688386, 0.47258172206346455, 0.4460660142474943, 0.45486434399908166, 0.47132029771215006, 0.44799003157682277, 0.4258014333886512, 0.4507361428684211, 0.4529324666238081, 0.4428950365593741, 0.44404068600919805, 0.45073319231707504, 0.4458598365727487, 0.44791858675819196, 0.43715085814749266, 0.43141765743320565, 0.4395199635687335, 0.4684133145771704, 0.4383507286034724, 0.42333250893962954, 0.4368035578026899, 0.4447626969988465, 0.42951707084412766, 0.4454059688779889, 0.42014852051684964, 0.4407986784581533, 0.4310175009652955, 0.42121266183357714, 0.4347208881527359, 0.43639457750549415, 0.43074886093612186, 0.4220811272337079, 0.4124094228822916, 0.4047583869254006, 0.4189880271295868, 0.41591801726811145, 0.42815092572458824, 0.42284990343177414, 0.43910668649828893, 0.41806547164622093, 0.46998726636847876, 0.4290173093162746, 0.41973256972446016, 0.40875554749171866, 0.4171849270378336, 0.4384416100960463, 0.4219614959823898, 0.45423386209103367, 0.4355307228698442, 0.4100110884951005, 0.43089320365343853]

theirs,1,50,0.0,0.8496
Test loss:[1.8582730598582933, 0.920725417029594, 0.7670070799772343, 0.6908230891015393, 0.6427763362390199, 0.6136636015665268, 0.5841169298493126, 0.5724956855021756, 0.5584645474522577, 0.5456000870924196, 0.5374288162925607, 0.5298534234220268, 0.5202058959531146, 0.5172241575608292, 0.5164485390583211, 0.5071255108634307, 0.5121854138544331, 0.5042697898132837, 0.5079432910479544, 0.49987495483286304, 0.507763249754073, 0.49072980439253544, 0.4932789826403536, 0.49559938509507284, 0.5057675183357127, 0.4863155885351273, 0.4782490769056419, 0.4783918765548083, 0.4906846537266677, 0.4842624514340938, 0.5018381521331279, 0.47674331722978386, 0.5078204982546489, 0.4796566082309927, 0.47388974552902546, 0.48392360795363004, 0.4661948110158008, 0.46599966294551753, 0.5127832790418193, 0.48695837360686417, 0.4639567779301209, 0.4573326346933911, 0.47828114662445187, 0.4609883124826257, 0.4858516187377803, 0.46414330486333966, 0.480963136424008, 0.48651107045040143, 0.4603662061937613, 0.45979239095145524]

first_layer,10,100,1.0,0.7907
Test loss:[1.7324244662408086, 1.067946213331156, 0.8945633328765874, 0.7886571513968103, 0.7244359404369061, 0.6813997906286864, 0.6518466487023827, 0.6330535968850184, 0.6225251204337452, 0.6185800112584418, 0.6105075040192488, 0.5999731812300865, 0.5972170041000191, 0.5894017163859258, 0.5820711529244506, 0.5861226245500711, 0.5721506578229776, 0.5691931686332673, 0.5630215373978764, 0.5702877594060476, 0.563183082508333, 0.5665291221649739, 0.5629456323225646, 0.557524300998942, 0.556028110930334, 0.5543554246390935, 0.5470929517821606, 0.5740676973279614, 0.551528685506134, 0.5517814900288066, 0.538848299875734, 0.5499767293943237, 0.5515276891666185, 0.5575489152886398, 0.553032955291385, 0.5595845772653852, 0.6049125351020427, 0.557145163755131, 0.5514400988314149, 0.5605943937882417, 0.5655493695674869, 0.576384447124701, 0.5571007836822581, 0.5601529200952738, 0.5550109296690182, 0.5710252724995575, 0.557539474310156, 0.5830464240107187, 0.5605954237117479, 0.5578604111398058, 0.5811651590886299, 0.5684356232530441, 0.5733900813340308, 0.5975861013872382, 0.6091990118219633, 0.5908726738100141, 0.5777423764222298, 0.5851329473108574, 0.5809564340655823, 0.5929765190942184, 0.5979952851746219, 0.581223389877568, 0.5884558739914745, 0.6610927818054648, 0.584449679665571, 0.6141255938115164, 0.6259899178955691, 0.604091048813116, 0.6086205641139512, 0.5923076096891802, 0.6312663766259503, 0.6143478987623565, 0.6033675882431903, 0.6060607531677163, 0.6233422650117536, 0.6187666685638106, 0.6231260642287895, 0.6334752577147744, 0.6144879096132357, 0.6638253342980417, 0.6385791288543496, 0.6865371038597315, 0.7231017692541494, 0.6288706431288935, 0.652350385370854, 0.6579286495139074, 0.6374386130930797, 0.7135123958566136, 0.7343810744436157, 0.6868863095192194, 0.6811310363818519, 0.699582028730715, 0.6844662329110472, 0.7110698246055557, 0.6783712476804176, 0.8000746988826913, 0.6822068007257404, 0.6834900571647012, 0.6658588464396796, 0.7615953058663569]

first_layer,10,50,1.0,0.7624
Test loss:[1.6850946684377712, 1.0608918773697753, 0.8803766872191734, 0.7732345302078583, 0.7166889483354144, 0.6833714327066963, 0.6579162243046777, 0.6506467379187261, 0.6354840205455409, 0.6319807366803029, 0.619729775228517, 0.6110212555170337, 0.5974031379912591, 0.5933870081643425, 0.5910918215274533, 0.5865082045685287, 0.5880745304477367, 0.5850052587748684, 0.5775013883989543, 0.5627427677232534, 0.5686955951908831, 0.565351018736332, 0.5628368863629934, 0.5625397236855122, 0.5666508066605633, 0.5714895158867342, 0.5531452556289256, 0.5574752748081931, 0.5554410952974947, 0.5524223866298951, 0.569209601812507, 0.566872537153425, 0.5736364678103516, 0.5517595089252114, 0.5484439763256779, 0.5512719033969018, 0.5653592067162427, 0.5651740986372455, 0.5572682138406634, 0.5645977052078258, 0.5665700214202662, 0.5674588061669653, 0.568869501569149, 0.5585760364571328, 0.5744344743361157, 0.5772284330221216, 0.5765160274831741, 0.5883106649164827, 0.615401373094119, 0.5984859339225]

last_layer,10,100,1.0,0.8446
Test loss:[1.7089539488758003, 1.0562147658071086, 0.8842789494672115, 0.7828056178076304, 0.7151021403331002, 0.6667527382948346, 0.6361098743289952, 0.6086781282884278, 0.5945438754086722, 0.5797307078614917, 0.5717220887871366, 0.5549268150339998, 0.5547800336783368, 0.5408158559564662, 0.5372749216099973, 0.5321599555064136, 0.5271560759375759, 0.5211639629288797, 0.5192011521914508, 0.509266573532427, 0.5002508867397575, 0.5026076290153653, 0.48911982632488255, 0.48581672105092527, 0.4816286486678684, 0.4774867554430495, 0.47387516740557756, 0.47196448657648665, 0.47133526631020556, 0.4719470602842926, 0.46902246003031595, 0.45771515424058656, 0.4576999894294528, 0.4593461294494769, 0.457312320368809, 0.45259476081837874, 0.444158985785819, 0.44639420138977737, 0.44029613359635034, 0.44127614235416557, 0.433896083215618, 0.4364932570628154, 0.4371517551271408, 0.42860798820488943, 0.42976244779713496, 0.4307771458076931, 0.42877201336989995, 0.42538191332146785, 0.42449478405214436, 0.4233875244387509, 0.4260325551865681, 0.42535166433720706, 0.41590930586539826, 0.41548631676799064, 0.41382944638536195, 0.4048658735503695, 0.41054790900701416, 0.41258840433758825, 0.4058707105310263, 0.40857362676936615, 0.40212690573059917, 0.4037383166299016, 0.4042676287736826, 0.4021393616919051, 0.4018339827457254, 0.3954851453878827, 0.39457745389086957, 0.38644296419183366, 0.38861065462439803, 0.3876411440468917, 0.3909437714255175, 0.38876765052223095, 0.38612530581713833, 0.388269063020266, 0.3897344974044177, 0.38420522312728017, 0.38255529069234384, 0.3793766620689277, 0.3803906077139591, 0.3844025368272079, 0.3776127680077958, 0.38041388237365326, 0.3830252346583795, 0.3776662452655982, 0.3725190644691307, 0.37938476730315873, 0.3724610989217292, 0.37158841654068514, 0.36955813429946116, 0.3721357121959554, 0.37316546731382366, 0.3745788235794124, 0.36705316852982023, 0.3750708690075783, 0.3623838832686472, 0.3674061524923522, 0.3654907955262242, 0.3609652838195925, 0.3586782150412883, 0.3612735591768108]

last_layer,10,50,1.0,0.8097
Test loss:[1.6773724789114297, 1.060881173409461, 0.8868541488547541, 0.7850888112648818, 0.7139120884283041, 0.6647974676143582, 0.6304710555704565, 0.6054700069710595, 0.5943640632353229, 0.5759553874781024, 0.5693197169268506, 0.553832034449222, 0.5532778888177539, 0.5469316230074213, 0.535948017614268, 0.5324507497589303, 0.5284227841079443, 0.5193721535978828, 0.522292181745397, 0.5184608124916434, 0.5072536687599766, 0.5026188390080115, 0.5007067923114241, 0.49926305335010723, 0.4920759008323494, 0.4928540754564566, 0.4862980227028394, 0.4812853368339633, 0.4788673388336951, 0.47989387955945917, 0.46969665508019076, 0.47290548449761655, 0.4650814505651749, 0.46113211471626453, 0.45893228754002224, 0.45629776026338026, 0.4499778186293087, 0.4537910852620294, 0.4456758539737728, 0.44301928240671423, 0.44105509404045323, 0.44049047137479425, 0.43967090515860024, 0.430948524808509, 0.4320954411389248, 0.42566002802153546, 0.42370813404132934, 0.42414481076601634, 0.41876823258205675, 0.41425715347836545]

imputation,1,100,0.0,0.7603
Test loss:[1.6588967195836712, 1.0113631308391013, 0.8300686956007073, 0.7228576424027489, 0.6569979630228526, 0.6204679825704228, 0.5944396461749382, 0.5677976250405639, 0.5575540051367286, 0.5564827409868884, 0.5465852789346636, 0.5425819070430795, 0.5407624725204685, 0.5303865725454269, 0.5310371094085146, 0.5319372309898748, 0.5207118146876101, 0.5246789858733956, 0.5264690664008138, 0.5124820644454434, 0.5142784914363944, 0.5154077902921975, 0.514758752053983, 0.5056641329431145, 0.5081802473530365, 0.5119879701206237, 0.5261985519174508, 0.517503264584558, 0.5144021746478065, 0.5052704943020907, 0.5126808598654928, 0.5070563016309727, 0.513232702755817, 0.49377374007551994, 0.5105423464920107, 0.49300667766711487, 0.4957072830328564, 0.5056729215447714, 0.5060383840371899, 0.5078236545426327, 0.4917169681102974, 0.5234611229201274, 0.4980535720571511, 0.522867118104928, 0.4895096093208049, 0.4919262686494968, 0.507052526372345, 0.48954235472661095, 0.5068200454376074, 0.5341463185959562, 0.47706944773860527, 0.48296934934777486, 0.551946656841338, 0.4932698061531442, 0.5178132107323068, 0.5131215639022093, 0.6385834424109204, 0.48198186732802595, 0.4867057001458891, 0.4971778857737467, 0.5264106221687876, 0.5007840968382233, 0.49203443366327304, 0.5794557890008021, 0.5155666840107671, 0.5171986744371574, 0.6019738240642376, 0.5822408617722419, 0.49374753201642746, 0.5205977990815678, 0.5073388128457927, 0.5089118471835351, 0.5253413607029199, 0.5549893316154707, 0.5070223544612613, 0.5389304670642918, 0.5153147565445952, 0.5875104889707321, 0.5126321678189724, 0.5433920696334387, 0.5848262882048787, 0.5216289598395022, 0.5494373885131896, 0.5326950005727263, 0.5492667901450041, 0.5482435199899363, 0.5579261762611525, 0.5290531574708341, 0.5488023458350108, 0.6058064474050949, 0.5431902903772899, 0.6391532058947924, 0.6125427316071962, 0.5689139818779179, 0.6185660838942034, 0.6091021983445176, 0.579571337054231, 0.619859569243072, 0.6983328682432283, 0.6350528561836488]

imputation,1,50,0.0,0.813
Test loss:[1.6314664830359369, 1.0098736687228345, 0.8280505607722108, 0.7261411940919645, 0.6620786749650491, 0.6210157837419488, 0.5949969144930524, 0.5745478716176936, 0.5594887722183856, 0.557943332554367, 0.5543429622550227, 0.5528770774013089, 0.5450849280247033, 0.5399422120298579, 0.5403592585563244, 0.5449139160365387, 0.5358123649020134, 0.5316627986633736, 0.5452596860763219, 0.528067983339982, 0.5423334459486885, 0.5199354453244365, 0.5144422131572114, 0.5087257552809571, 0.50779749978685, 0.5190800623024995, 0.505322445595986, 0.49566685113453063, 0.4972952945684804, 0.4921347442342183, 0.4945534599882066, 0.4973750669114526, 0.48910068572261417, 0.49254749113383756, 0.49992522109859344, 0.4935166659364878, 0.4934337529092507, 0.4920923386519391, 0.5045601955340683, 0.5019473472438813, 0.5037614134453645, 0.5134296894845433, 0.5130481265650084, 0.502134964073877, 0.5274171755671917, 0.5444280610477272, 0.49891620854455737, 0.5382023683648309, 0.5223890640604829, 0.5499477421515757]

different_cost,10,100,1.0,0.75405
Test loss:[1.8034723644622963, 1.2781617876675686, 1.1053605115732852, 0.9947379337964152, 0.9251462128859044, 0.8745585884356804, 0.8398582295572106, 0.8119575862834562, 0.7900140955437048, 0.7731560388530092, 0.7581458995866831, 0.7459320568233485, 0.732411877517789, 0.7222228545318243, 0.7140371799468994, 0.7058631509230218, 0.6972095704744803, 0.6908143974224819, 0.6856581298103155, 0.6806701948395708, 0.6758511596911168, 0.6716695349485688, 0.66830278299879, 0.6657157335972481, 0.6610426583584307, 0.6557044199861942, 0.6523687025581999, 0.6506151342905442, 0.6470630267272867, 0.6459701442538096, 0.6394164999372329, 0.6380978715849978, 0.6371107037776563, 0.6360776346519468, 0.6323907418009566, 0.6331542989497135, 0.632719632077689, 0.6274652167790428, 0.6268191891478437, 0.6259678791995931, 0.6234401110581386, 0.6215639218115557, 0.6196248519545523, 0.6202880385764403, 0.6207846218548776, 0.6223235994195772, 0.6163847327093585, 0.614161646685306, 0.6134832215531186, 0.6111523946172561, 0.6119369246560009, 0.6132925442301769, 0.6118485446373159, 0.6126116807545439, 0.6108295503956058, 0.6084804132285856, 0.6094830878712106, 0.6060136320531299, 0.6045292820065902, 0.6030429943407234, 0.6027713060136168, 0.5995508477837714, 0.600245588802764, 0.6003099216779259, 0.5992251505535334, 0.5960769671014358, 0.5994967118131129, 0.6006289261183999, 0.5979192411663646, 0.5962498871147702, 0.5965059738220242, 0.5948501354011863, 0.5948490839239049, 0.5946032018579621, 0.5940521813764283, 0.5933916791492901, 0.5931417182070551, 0.5922555108148089, 0.5889824280153192, 0.5874030387616684, 0.5903115221868432, 0.5856638048386269, 0.587885900898224, 0.5857289895259182, 0.5857269867335265, 0.5855177175318681, 0.5869629557945953, 0.5850898340882189, 0.5845537251587936, 0.5836461854792863, 0.5847324499637062, 0.5817255390953269, 0.5803541002645481, 0.5795614634737009, 0.580643031941304, 0.5795052463017465, 0.578250546134115, 0.5768359959021436, 0.5754848299016775, 0.5801113094176069]

different_cost,10,50,1.0,0.73917
Test loss:[1.803539294233422, 1.2677138253473985, 1.0937859545764324, 0.9907836901572586, 0.9208421934053423, 0.8729225104637834, 0.8354841451636571, 0.8108865706482089, 0.787631455691785, 0.7674328955768568, 0.7538252719206361, 0.740824454842402, 0.7302361523105879, 0.7244903354345017, 0.7126261488522584, 0.7052746713855352, 0.6995138121775337, 0.6920633192528668, 0.6862426406429588, 0.6809398725160482, 0.6757487730666284, 0.670614610399023, 0.6683337556261123, 0.6653335128452226, 0.6617042852849705, 0.6566328459763, 0.6541734693769249, 0.6487810191924969, 0.6470496480692529, 0.6427876970473768, 0.6412298634249339, 0.6388457257547812, 0.6354895879073248, 0.6349448160950324, 0.6307977347074204, 0.6283784786432253, 0.6259110556423179, 0.625051054570117, 0.622523219954565, 0.6190569291500607, 0.6205693029725926, 0.6184540627756274, 0.6157182951363473, 0.6150860730233375, 0.6149443645242763, 0.6147260874058786, 0.6113233486314036, 0.6086200392426656, 0.608369071370509, 0.6054842989367017]

