theirs,1,100,0.0,0.8334
Test loss:[0.0]
Train loss:[0.88324475, 0.6887004, 0.60074747, 0.5603498, 0.57193005, 0.5926777, 0.4662678, 0.48939455, 0.43154383, 0.49609298, 0.45263392, 0.4176129, 0.4183942, 0.4502043, 0.5041737, 0.5267499, 0.33614668, 0.3420443, 0.31359345, 0.47668445, 0.3460606, 0.4751892, 0.33051813, 0.33218288, 0.29892096, 0.3554212, 0.33781272, 0.2961744, 0.3463757, 0.2773345, 0.4100308, 0.35879332, 0.29014617, 0.49785173, 0.3051463, 0.2515564, 0.47034898, 0.51030827, 0.7449157, 0.4108481, 0.29660252, 0.37031716, 0.33103842, 0.4949973, 0.31136823, 0.54252326, 0.34015077, 0.61147845, 0.33463, 0.2696978, 0.38523737, 0.50363505, 0.37288737, 0.36658216, 0.26108003, 0.29660344, 0.5089753, 0.32892346, 0.37654418, 0.43010494, 0.39048037, 0.43493098, 0.45357177, 0.366134, 0.47975633, 0.40061533, 0.52896535, 0.3706314, 0.3373877, 0.40647185, 0.34383076, 0.3458231, 0.3901769, 0.4145405, 0.61124086, 0.3556036, 0.3479371, 0.34148082, 0.45305836, 0.33268923, 0.4243417, 0.3761385, 0.34342477, 0.37418723, 0.20422915, 0.25409466, 0.3516518, 0.41102523, 1.1511544, 0.31336966, 0.3708943, 0.38155943, 0.42859265, 0.77132946, 0.38387728, 0.46285582, 0.5644677, 0.4211032, 0.35043705, 0.25439408]
theirs,1,100,0.0,0.7539
Test loss:[0.0025976845]
Train loss:[1.1702646, 0.798062, 0.6501844, 0.59384674, 0.6642163, 0.6960052, 0.7423526, 0.753198, 0.70792246, 0.92435485, 0.60943604, 0.76850283, 0.6930069, 0.6403145, 0.825417, 1.169574, 0.76959705, 0.7392179, 0.8707975, 0.64105266, 0.78596485, 0.94614613, 0.72492766, 0.77448785, 0.49493453, 0.89731646, 0.67426074, 0.75224644, 0.7560209, 0.6864331, 0.7689221, 0.69346535, 0.7193184, 0.85945415, 0.84018755, 0.9721473, 0.7841242, 1.8113974, 0.9273946, 0.913914, 1.0574243, 0.8735639, 0.67884123, 0.7345673, 0.7142588, 0.6239028, 0.8522593, 0.9875233, 0.72824407, 1.573885, 0.76223505, 1.0811031, 1.6197782, 0.7567315, 0.7976171, 0.6957764, 0.69365805, 1.0467365, 0.89877164, 1.5129185, 0.868815, 1.0486252, 0.9262561, 1.6390742, 0.5419072, 0.7823492, 0.6867122, 1.2765372, 0.6146885, 0.9074086, 0.7271596, 0.99013865, 0.47374788, 0.6932862, 0.5851984, 1.5128119, 0.88125557, 0.8410273, 0.6219633, 1.2375392, 0.58710825, 1.0054318, 0.57021606, 0.5937201, 1.1116818, 0.7503491, 0.68197465, 0.6949934, 0.85804045, 9.593442, 0.5218557, 0.7623958, 0.52109456, 1.1145993, 0.86040413, 1.0410852, 0.8644444, 0.9931229, 0.525365, 0.6639917]
theirs,1,100,0.0,0.1028
Test loss:[2.358699]
Train loss:[2.306391, 2.3063905, 2.3063905, 2.3063905, 2.3063905, 2.3063905, 2.306391, 2.306391, 2.306391, 2.3063905, 2.306391, 2.306391, 2.3063905, 2.3063905, 2.3063908, 2.3063908, 2.3063908, 2.306391, 2.306391, 2.306391, 2.306391, 2.306391, 2.306391, 2.306391, 2.306391, 2.306391, 2.306391, 2.306391, 2.306391, 2.306391, 2.306391, 2.306391, 2.306391, 2.3063905, 2.3063908, 2.3063905, 2.306391, 2.306391, 2.3063905, 2.3063905, 2.3063905, 2.3063905, 2.3063905, 2.3063905, 2.3063905, 2.3063905, 2.3063905, 2.3063905, 2.3063905, 2.3063905, 2.3063905, 2.3063905, 2.3063905, 2.3063905, 2.3063905, 2.3063905, 2.3063905, 2.3063905, 2.3063905, 2.3063905, 2.306391, 2.3063908, 2.3063908, 2.3063905, 2.3063905, 2.3063905, 2.3063905, 2.3063905, 2.3063905, 2.3063905, 2.3063905, 2.3063905, 2.3063905, 2.3063905, 2.3063905, 2.3063905, 2.3063905, 2.3063905, 2.3063905, 2.3063905, 2.3063905, 2.3063905, 2.3063905, 2.3063905, 2.3063905, 2.3063905, 2.3063905, 2.3063905, 2.3063905, 2.3063905, 2.3063905, 2.3063905, 2.3063905, 2.3063905, 2.3063905, 2.3063905, 2.3063905, 2.3063905, 2.3063905, 2.3063905]
first_layer,10,100,1.5,0.8336
Test loss:[0.00015518641]
Train loss:[1.3871139, 0.96674025, 0.84997964, 0.5896944, 0.6422061, 0.5653971, 0.64373076, 0.5636179, 0.5820372, 0.5207202, 0.8683948, 0.6746331, 0.8874144, 0.82692176, 0.51789, 0.42452562, 0.6252862, 0.44252652, 0.46075344, 0.57826537, 0.56893235, 0.5647639, 0.5930148, 0.67733973, 0.7058047, 0.3806009, 0.41994292, 0.5837785, 0.61312485, 0.45758885, 0.61843467, 1.2753459, 0.54106647, 0.5701652, 0.34911186, 0.3605235, 0.3076395, 0.49983728, 0.35208574, 0.68891346, 0.39237303, 0.4448315, 0.4016513, 0.5151919, 0.63358426, 0.305853, 0.3423548, 0.54017055, 0.9654093, 0.47129035, 3.048355, 0.451587, 0.59941, 0.5025565, 0.581483, 0.64663833, 0.40302455, 0.5284833, 0.30793127, 0.3306476, 0.45304275, 0.27699566, 0.64162093, 0.5727021, 0.31344312, 0.6525064, 0.76658034, 0.61711663, 0.50815624, 0.27319995, 0.5858087, 0.53859216, 0.5120975, 0.30861983, 0.43283063, 0.56511307, 0.616912, 0.65437984, 0.5481533, 0.33042163, 0.41675615, 0.55163085, 0.4773143, 0.8564271, 0.6490294, 0.45129612, 0.5404031, 1.6672544, 0.79013574, 0.27306554, 0.8204788, 0.52052224, 0.9014524, 0.3769366, 0.32122886, 1.0058734, 0.30910373, 0.4609038, 0.28658766, 0.41563404]
first_layer,10,100,0.0,0.8262
Test loss:[0.0]
Train loss:[1.2374585, 1.1874697, 0.76647866, 0.8348734, 0.69478893, 0.72535396, 0.64218926, 0.9848675, 0.6025853, 0.43461347, 0.5194324, 0.66357315, 0.72646314, 0.4019291, 0.69268197, 0.55714023, 0.66984475, 0.48121378, 0.4014576, 0.33009404, 0.5670506, 0.5275858, 0.604819, 0.37584487, 0.63338107, 0.6015505, 0.4215154, 0.5394272, 1.5537953, 0.6493062, 0.39751577, 0.43484044, 0.60552263, 0.38658944, 0.46564168, 0.6742754, 0.66701114, 0.37345105, 0.42852697, 0.5254457, 0.47396722, 0.40024602, 0.48116404, 0.58719265, 0.36298478, 0.41370055, 0.5835862, 0.3848262, 0.67840564, 0.3234343, 0.38028777, 0.40973422, 0.82792187, 0.44962534, 0.2805965, 0.40057087, 0.42263877, 0.49495614, 0.31568044, 0.5210433, 0.9537848, 0.35813814, 0.88655216, 0.41152784, 0.43121073, 0.41354397, 0.41847387, 0.46435016, 1.0861993, 0.5213932, 0.47349402, 0.5796966, 0.44016075, 0.32743746, 0.4164189, 0.41528052, 0.6740079, 0.6162909, 0.5407068, 0.54351777, 0.5414338, 0.47918963, 0.3624727, 1.4983063, 0.52205724, 0.5812441, 0.7238043, 0.5364145, 0.37797576, 0.33190325, 0.6454603, 0.45323342, 0.7681429, 0.429744, 0.8686307, 0.46233296, 0.4452495, 0.70909786, 0.6414357, 0.39026254]
first_layer,10,100,0.5,0.7904
Test loss:[0.008616944]
Train loss:[1.5387614, 0.881549, 0.7303722, 0.5946256, 0.4650363, 0.67649317, 0.49473014, 0.56616837, 0.5103013, 0.64193773, 0.44635677, 0.56890905, 0.54411256, 0.57355297, 0.5477047, 0.6465265, 0.88431394, 0.62443906, 0.5362148, 0.45105696, 0.96589595, 0.5418099, 0.5070741, 0.547811, 0.5753647, 0.5784749, 0.33317837, 0.33985317, 0.57388335, 0.38835388, 0.41404173, 0.9097942, 0.71497357, 0.5884514, 0.3874569, 0.6804968, 0.5782413, 0.64376986, 0.55083764, 0.4531671, 0.5297673, 0.5870467, 0.44194436, 0.47341973, 0.5763885, 0.4495708, 0.49171185, 0.33099204, 0.46798292, 0.40499133, 0.9286754, 0.6066357, 0.9059776, 0.44322512, 0.7631655, 0.2766859, 0.52135575, 0.45501837, 0.42159212, 0.44235778, 0.5293679, 0.8752677, 0.9891948, 0.56688774, 0.42801806, 0.5377369, 0.5671972, 0.562755, 0.528954, 0.34847638, 0.63285446, 0.9762389, 0.45372996, 0.5344384, 0.7480629, 0.6250969, 0.59761965, 0.57791203, 0.44471294, 0.3494746, 0.50455123, 0.5675355, 0.46662322, 0.85300624, 0.5672371, 0.4618879, 0.59993386, 0.55028427, 1.0575504, 0.22055846, 0.44060034, 0.86008, 0.4920668, 0.3525039, 0.37619394, 0.7108772, 1.0850378, 0.32634124, 0.47094142, 0.6490356]
last_layer,10,100,0.0,0.8333
Test loss:[0.0]
Train loss:[1.2940433, 1.1439494, 0.66757095, 0.53732, 0.60733306, 0.7140895, 0.46661687, 0.5094576, 0.50872517, 0.32937765, 0.4304709, 0.48240593, 0.45501062, 0.3316908, 0.40345725, 0.34914458, 0.45692566, 0.41776562, 0.3502172, 0.4777253, 0.4041822, 0.43932766, 0.4777588, 0.5483689, 0.45280886, 0.4336158, 0.5315414, 0.37996343, 0.45537758, 0.4942341, 0.3729235, 0.44760624, 0.31989318, 0.5005235, 0.52927876, 0.36776254, 0.5606301, 0.39504796, 0.570949, 0.6134632, 0.34600604, 0.36237684, 0.38724107, 0.54557335, 0.55573046, 0.49913558, 0.4456593, 0.43351814, 0.7070907, 0.45584837, 0.39928463, 0.28847015, 0.26815745, 0.421558, 0.52900076, 0.23471548, 0.36114678, 0.33596948, 0.6487323, 0.39846766, 0.5819965, 0.29449695, 0.36897832, 0.26257485, 0.55828077, 0.49861798, 0.5443531, 0.3659505, 0.4236132, 0.34310758, 0.25958863, 0.37982476, 0.37188548, 0.37422222, 0.36465052, 0.33620927, 0.27461433, 0.64457643, 0.33958897, 0.26930848, 0.45971847, 0.3205124, 0.33658516, 0.29863974, 0.40443486, 0.37607172, 0.35981447, 0.43524137, 0.31000218, 0.32157457, 0.46562585, 0.33311284, 0.37219894, 0.29880962, 0.4223892, 0.52353585, 0.2878248, 0.5942477, 0.29719743, 0.52098215]
last_layer,10,100,1.5,0.8193
Test loss:[0.0]
Train loss:[1.3565037, 1.3711456, 0.878648, 0.6886316, 0.6509758, 0.5319475, 0.6554043, 0.47791696, 0.47476876, 0.5570068, 0.7618262, 0.5455173, 0.49874836, 0.47159597, 0.46129337, 0.5513787, 0.5012292, 0.40700036, 0.61233777, 0.5577816, 0.39304528, 0.42816734, 0.47823435, 0.33176398, 0.47574204, 0.41634417, 0.4886514, 0.41328585, 0.5578505, 0.55948913, 0.5379975, 0.5763369, 0.3025542, 0.47305506, 0.36672905, 0.3560747, 0.4774519, 0.30299047, 0.5056182, 0.20694956, 0.41505498, 0.49956685, 0.5446762, 0.44235224, 0.3327899, 0.39612135, 0.4087965, 0.2676042, 0.4531887, 0.410647, 0.5366563, 0.6317667, 0.62120014, 0.53011626, 0.39472649, 0.18366909, 0.34075925, 0.535421, 0.40210116, 0.53247416, 0.33760193, 0.5486274, 0.6015999, 0.5247878, 0.84428734, 0.36107275, 0.3156479, 0.33510455, 0.4597154, 0.33196902, 0.20979397, 0.31671506, 0.41575506, 0.21068583, 0.5833602, 0.5821138, 0.4480608, 0.47739244, 0.3978445, 0.30300212, 0.21312818, 0.32326663, 0.2945519, 0.29038084, 0.35380274, 0.5069625, 0.42732248, 0.29139423, 0.6686281, 0.3196643, 0.4351591, 0.2784432, 0.41218328, 0.3816299, 0.37592742, 0.30922025, 0.14553347, 0.35209882, 0.37554458, 0.27089033]
last_layer,20,100,0.5,0.8414
Test loss:[0.0]
Train loss:[1.3373575, 1.136061, 0.752102, 0.7492564, 0.6870458, 0.57367086, 0.59010285, 0.41735506, 0.40128684, 0.41892496, 0.4513711, 0.35452715, 0.4194119, 0.30355027, 0.43975443, 0.4570434, 0.4253204, 0.35971448, 0.45409358, 0.3731226, 0.518126, 0.32418966, 0.44212788, 0.44509763, 0.42627624, 0.42851102, 0.45369297, 0.40624657, 0.5237193, 0.48519385, 0.49564806, 0.36307028, 0.53952277, 0.3755755, 0.3952077, 0.4204219, 0.39185157, 0.47559932, 0.43906724, 0.36596835, 0.2651781, 0.39684886, 0.30584055, 0.7167222, 0.31757903, 0.29646486, 0.47240913, 0.29860747, 0.3268304, 0.21555844, 0.30935144, 0.3234672, 0.3616282, 0.7401172, 0.57286066, 0.6160389, 0.31274498, 0.35043526, 0.2977443, 0.30573574, 0.37256214, 0.56494695, 0.6057874, 0.41486222, 0.32156932, 0.3962555, 0.4067341, 0.5629462, 0.32187933, 0.35275, 0.28968385, 0.43197653, 0.56206304, 0.39620286, 0.6025871, 0.702065, 0.43837076, 0.31347972, 0.19835526, 0.2854609, 0.34629065, 0.47629544, 0.36322576, 0.35651386, 0.4930686, 0.4474684, 0.49711245, 0.5468051, 0.34375134, 0.3259455, 0.6785009, 0.42189538, 0.3888277, 0.28127253, 0.30803242, 0.29372627, 0.3493134, 0.48374888, 0.32959253, 0.3855428]
last_layer,100,100,1.0,0.8416
Test loss:[0.0]
Train loss:[1.0169734, 0.7771362, 0.8459269, 0.4697433, 0.5276924, 0.35856438, 0.44863588, 0.37111884, 0.42225686, 0.44218835, 0.41432455, 0.5309435, 0.48840147, 0.4371977, 0.39887428, 0.4709342, 0.6279658, 0.45322466, 0.3824611, 0.80606943, 0.49584123, 0.5069264, 0.74559486, 0.53851104, 0.68422675, 1.277767, 0.5881138, 0.48887897, 0.625123, 0.40509975, 0.56943226, 0.6197426, 0.64626807, 0.8116398, 0.47897083, 0.507872, 0.5528944, 0.35336617, 1.0093095, 0.6310559, 0.8166521, 0.67489034, 0.72308195, 0.45260188, 0.32242775, 0.6362519, 0.40017834, 0.43383676, 0.35293412, 0.5727036, 0.66523194, 0.46616197, 0.30063024, 0.36836457, 0.3897372, 0.4465099, 0.50466835, 0.45141137, 0.3047878, 0.5217209, 0.43425417, 0.31740934, 0.41561496, 0.2628197, 0.447378, 0.3601957, 0.44753355, 0.34600383, 0.32605323, 0.47149944, 0.40058166, 0.39711723, 0.2782455, 0.3588231, 0.45123118, 0.7867597, 0.47719598, 0.35960254, 0.37458646, 0.44094276, 0.47466117, 0.2845869, 0.4846198, 0.2519727, 0.40707034, 0.9949367, 0.3337368, 0.6157449, 0.37104326, 0.44649103, 0.27501696, 0.3020476, 0.26991338, 0.47493228, 0.54970926, 0.3728312, 0.5712143, 0.7234313, 0.4226144, 0.46872506]
last_layer,100,100,0.0,0.8303
Test loss:[1.3649277e-05]
Train loss:[1.0884373, 0.78750074, 0.6800344, 0.61537725, 0.39188138, 0.39220327, 0.44905943, 0.3058916, 0.48488694, 0.7689831, 0.467256, 0.35554403, 0.3414032, 0.5100393, 0.6382367, 0.42231163, 0.7982768, 0.63914233, 0.5213089, 0.5877118, 0.37868, 0.41571385, 0.3634028, 0.626755, 0.5222423, 0.56897765, 0.46248078, 0.60190195, 0.44165945, 0.44892332, 0.64955777, 0.52678037, 0.4676019, 0.33026218, 0.5141274, 0.57371706, 0.51862144, 0.47924033, 0.5931136, 0.43932855, 0.72183514, 0.7977886, 0.8527229, 0.40620443, 0.40840793, 0.5159357, 0.53314036, 0.47427055, 0.6901247, 0.5290148, 0.50578225, 0.36017042, 0.53488076, 0.39847675, 0.38011914, 0.7633212, 0.5302012, 0.52224356, 0.3641277, 0.43989876, 0.5525806, 0.39107618, 0.6313671, 0.45329782, 0.34960642, 0.5565607, 0.29993585, 0.49059665, 0.44813627, 0.57265395, 0.50204164, 0.31970257, 0.49135843, 0.46050322, 0.37028447, 0.57042503, 0.21247885, 0.45045272, 0.36421323, 0.5567794, 0.5117046, 0.6005228, 0.44476265, 0.34881243, 0.69248927, 0.49147063, 0.21044911, 0.39145792, 0.56027114, 0.45090002, 0.49384964, 0.574137, 0.3600387, 0.45780239, 0.6339285, 0.48061445, 0.4859879, 0.4909485, 0.1870905, 0.2922468]
imputation,1,100,0.0,0.8294
Test loss:[0.0]
Train loss:[1.3324138, 0.914784, 0.6798818, 0.50736123, 0.61769617, 0.58329916, 0.51816106, 0.48308372, 0.44969591, 0.50139916, 0.40447906, 0.42188376, 0.46694276, 0.52052695, 0.44492832, 0.49211752, 0.5585858, 0.60944176, 0.6184076, 0.6551274, 0.49102685, 0.4619101, 0.47231174, 0.5270646, 0.44850832, 0.574803, 0.48002812, 0.61568993, 0.36005205, 0.63667446, 0.4935732, 0.4346743, 0.5164724, 0.48815528, 0.41317815, 0.50848293, 0.3548589, 0.40769362, 0.3259347, 0.3692541, 0.6849407, 0.30419025, 0.3412327, 0.4495486, 0.312051, 0.32954174, 0.52741677, 0.6814225, 0.54995394, 0.43062446, 0.55737585, 1.3476856, 0.9865233, 0.39963013, 0.57236624, 0.5201908, 0.44770685, 0.46598807, 0.77101624, 0.4017964, 0.3052231, 0.4115246, 0.63078576, 0.9388418, 0.39395317, 0.49050906, 0.6004604, 0.43667033, 0.45168465, 0.2839136, 0.5902448, 0.63828075, 0.5220462, 0.35818797, 0.39612746, 0.8284782, 0.46471506, 0.34850886, 0.88352895, 0.49356633, 0.7844356, 0.50853294, 0.54632545, 0.47543168, 0.35003403, 0.5804066, 0.25348413, 0.5979739, 0.8582169, 1.1767347, 0.47916877, 0.43505588, 0.35281867, 0.4659039, 0.54161537, 0.5970218, 0.47194162, 0.33900997, 0.98184997, 0.39658734]
different_cost,10,100,0.5,0.74795
Test loss:[0.017725227]
Train loss:[1.6899564, 1.5728344, 1.1707293, 1.17128, 1.0153818, 0.9479772, 0.78991497, 0.8982142, 0.7983946, 0.87447435, 0.81926453, 0.8124882, 0.7204648, 0.77061564, 0.74731046, 0.7255609, 0.7078315, 0.7802065, 0.71516, 0.77051693, 0.78551155, 0.68894863, 0.6641406, 0.7650417, 0.7925023, 0.68064666, 0.68306637, 0.74610776, 0.69576395, 0.84281427, 0.6943786, 0.60583895, 0.7183026, 0.6678119, 0.64942026, 0.6923357, 0.68388516, 0.6897673, 0.62337357, 0.6643852, 0.6611385, 0.6910611, 0.667878, 0.6329926, 0.64544964, 0.7747564, 0.6011916, 0.71693194, 0.6659466, 0.62738186, 0.66119844, 0.66207266, 0.6093918, 0.73046654, 0.6101609, 0.6094982, 0.6273205, 0.65699726, 0.66661745, 0.6788087, 0.6601824, 0.5991667, 0.5836221, 0.62024724, 0.56277335, 0.5763698, 0.63206863, 0.6749505, 0.60200804, 0.61737925, 0.59909403, 0.7151854, 0.5936165, 0.5692363, 0.6838698, 0.606552, 0.51550895, 0.6177667, 0.6875781, 0.64342725, 0.63330644, 0.63654345, 0.5771924, 0.647648, 0.6623184, 0.59094083, 0.6519164, 0.6493428, 0.6209216, 0.6908335, 0.7908084, 0.642159, 0.6572197, 0.5789498, 0.5809881, 0.6144554, 0.56693304, 0.60263366, 0.61750597, 0.578992]
different_cost,10,100,0.0,0.74358
Test loss:[0.0008167539]
Train loss:[1.7590744, 1.4164417, 1.1633946, 1.1798937, 0.93656206, 0.8181429, 0.8487107, 0.9197211, 0.8219818, 0.842463, 0.8782819, 0.81251144, 0.78300655, 0.774149, 0.68547714, 0.78506833, 0.77734053, 0.6824238, 0.7822443, 0.72387505, 0.8071834, 0.7188223, 0.7710339, 0.64603215, 0.75959647, 0.7605052, 0.6260117, 0.75735784, 0.7392763, 0.7349491, 0.69125444, 0.76957124, 0.8084632, 0.63496363, 0.7434398, 0.6417373, 0.7977543, 0.6785607, 0.74959594, 0.62961394, 0.7676434, 0.63096046, 0.65668535, 0.70520747, 0.76153266, 0.79713583, 0.78630507, 0.6302678, 0.73010886, 0.73346496, 0.6993341, 0.73965406, 0.6973113, 0.7275988, 0.6363497, 0.7012731, 0.7521847, 0.6890742, 0.6949917, 0.6914129, 0.6480528, 0.67342424, 0.61989355, 0.6149253, 0.636871, 0.7319751, 0.5987648, 0.6222092, 0.6122142, 0.6252064, 0.5895995, 0.612191, 0.6696688, 0.63262755, 0.6231231, 0.7389296, 0.6790557, 0.6772233, 0.6693481, 0.65317917, 0.6843179, 0.6306634, 0.63842565, 0.5779656, 0.60240054, 0.60913473, 0.58521354, 0.6380394, 0.74425536, 0.7127588, 0.5643912, 0.69401175, 0.6442469, 0.6066967, 0.62073576, 0.61889714, 0.61861724, 0.6183829, 0.603391, 0.6445919]
different_cost,10,100,1.5,0.76084
Test loss:[0.014952672]
Train loss:[1.5982355, 1.3598868, 1.1368475, 1.0075545, 0.9421897, 0.8839754, 0.8775075, 0.875591, 0.81183565, 0.7404993, 0.7078594, 0.68837464, 0.725248, 0.70063865, 0.75119126, 0.74928945, 0.7907309, 0.6835039, 0.6583565, 0.7203735, 0.670617, 0.8231414, 0.77504253, 0.698702, 0.6878066, 0.6594016, 0.67242754, 0.6903769, 0.7341697, 0.7017872, 0.77925295, 0.7435484, 0.72468054, 0.7523339, 0.6533734, 0.6642726, 0.67811173, 0.7760215, 0.64479125, 0.7173799, 0.6751325, 0.7126705, 0.7024733, 0.7942952, 0.7611892, 0.71695244, 0.6501281, 0.6384202, 0.7498329, 0.7918519, 0.6347782, 0.6556665, 0.6215237, 0.6997043, 0.6117264, 0.6689302, 0.6474887, 0.665096, 0.66110456, 0.6091982, 0.6290352, 0.6520672, 0.7823022, 0.6358009, 0.70414054, 0.7648896, 0.6989361, 0.70835817, 0.6990316, 0.57296455, 0.73929054, 0.6198216, 0.6021577, 0.73680276, 0.63498104, 0.76234215, 0.6494196, 0.6646148, 0.73816156, 0.6828091, 0.5789258, 0.72373694, 0.6776798, 0.68210757, 0.6445631, 0.6971338, 0.6575655, 0.70410717, 0.67401546, 0.6951324, 0.7098814, 0.6206647, 0.6572359, 0.7242508, 0.72218794, 0.66391146, 0.65145904, 0.74200284, 0.6175945, 0.581617]
