Method,Num_sample,Epoch_number,Gamma,Result
last_layer,10,250,0.0,0.010117983
last_layer,10,150,1.0,0.0102936495
last_layer,10,150,0.0,0.010434488
last_layer,10,150,2.0,0.010454636
last_layer,10,250,2.0,0.010569229
last_layer,10,250,1.0,0.010594389
last_layer,5,250,1.0,0.013107635
last_layer,5,250,0.0,0.0132950945
last_layer,5,150,1.0,0.013378832
last_layer,5,150,2.0,0.013563797
last_layer,5,250,2.0,0.013627676
last_layer,5,150,0.0,0.013752788
last_layer,1,250,1.0,0.022216577
last_layer,1,250,2.0,0.02235705
last_layer,1,150,0.0,0.022406723
last_layer,1,250,0.0,0.022624085
last_layer,1,150,1.0,0.022742536
last_layer,1,150,2.0,0.023137942
