Method,Num_sample,Epoch_number,Gamma,Result
last_layer,10,250,0.0,0.010117983
last_layer,10,150,1.0,0.0102936495
last_layer,10,150,0.0,0.010434488
last_layer,10,150,2.0,0.010454636
last_layer,10,250,2.0,0.010569229
last_layer,10,250,1.0,0.010594389
last_layer,5,250,1.0,0.013107635
last_layer,5,250,0.0,0.0132950945
last_layer,5,150,1.0,0.013378832
last_layer,5,150,2.0,0.013563797
last_layer,5,250,2.0,0.013627676
last_layer,5,150,0.0,0.013752788
first_layer,10,150,1.0,0.014010871
first_layer,10,250,1.0,0.014050503
first_layer,10,150,2.0,0.014321731
first_layer,10,250,0.0,0.01435473
different_cost,10,250,2.0,0.01484892
different_cost,10,150,2.0,0.014891451
first_layer,5,250,1.0,0.015115419
different_cost,10,150,1.0,0.015140642
first_layer,10,150,0.0,0.015252253
different_cost,10,250,1.0,0.015372239
different_cost,10,150,0.0,0.015393427
first_layer,10,250,2.0,0.0154008
different_cost,10,250,0.0,0.015487971
first_layer,5,150,1.0,0.015550891
first_layer,5,250,0.0,0.015854033
first_layer,5,150,2.0,0.01601992
different_cost,5,250,0.0,0.016200343
first_layer,5,150,0.0,0.01622296
first_layer,5,250,2.0,0.016347997
different_cost,5,150,0.0,0.016487733
different_cost,5,150,2.0,0.016806897
different_cost,5,250,1.0,0.016874766
different_cost,5,250,2.0,0.017018318
different_cost,5,150,1.0,0.01734345
first_layer,1,250,2.0,0.021763252
different_cost,1,250,1.0,0.022063306
first_layer,1,250,1.0,0.022197872
different_cost,1,250,0.0,0.022203121
last_layer,1,250,1.0,0.022216577
last_layer,1,250,2.0,0.02235705
different_cost,1,150,2.0,0.022362266
last_layer,1,150,0.0,0.022406723
first_layer,1,150,0.0,0.02259329
last_layer,1,250,0.0,0.022624085
different_cost,1,150,1.0,0.022687865
first_layer,1,250,0.0,0.02269406
last_layer,1,150,1.0,0.022742536
first_layer,1,150,1.0,0.022880618
different_cost,1,250,2.0,0.022964489
different_cost,1,150,0.0,0.023006089
last_layer,1,150,2.0,0.023137942
first_layer,1,150,2.0,0.023252714
